   4.6000000e+02   1.6449590e+00   2.8357400e-01
   4.6100000e+02   1.6445710e+00   2.8909800e-01
   4.6200000e+02   1.6441670e+00   2.9264700e-01
   4.6300000e+02   1.6438430e+00   2.9422800e-01
   4.6400000e+02   1.6435920e+00   2.9684600e-01
   4.6500000e+02   1.6431000e+00   2.9850900e-01
   4.6600000e+02   1.6428900e+00   2.9922200e-01
   4.6700000e+02   1.6426290e+00   3.0099100e-01
   4.6800000e+02   1.6422230e+00   3.0081900e-01
   4.6900000e+02   1.6420690e+00   3.0071200e-01
   4.7000000e+02   1.6419610e+00   3.0067300e-01
   4.7100000e+02   1.6418960e+00   3.0070800e-01
   4.7200000e+02   1.6418680e+00   3.0082400e-01
   4.7300000e+02   1.6417750e+00   3.0102300e-01
   4.7400000e+02   1.6416120e+00   3.0131100e-01
   4.7500000e+02   1.6413740e+00   3.0169300e-01
   4.7600000e+02   1.6410600e+00   3.0217200e-01
   4.7700000e+02   1.6406650e+00   3.0275300e-01
   4.7800000e+02   1.6401860e+00   3.0343800e-01
   4.7900000e+02   1.6396260e+00   3.0422600e-01
   4.8000000e+02   1.6389870e+00   3.0511200e-01
   4.8100000e+02   1.6382740e+00   3.0609200e-01
   4.8200000e+02   1.6374910e+00   3.0716100e-01
   4.8300000e+02   1.6366410e+00   3.0831300e-01
   4.8400000e+02   1.6357300e+00   3.0954400e-01
   4.8500000e+02   1.6347630e+00   3.1084700e-01
   4.8600000e+02   1.6337460e+00   3.1221400e-01
   4.8700000e+02   1.6326820e+00   3.1364300e-01
   4.8800000e+02   1.6315740e+00   3.1512900e-01
   4.8900000e+02   1.6304240e+00   3.1666900e-01
   4.9000000e+02   1.6292350e+00   3.1825900e-01
   4.9100000e+02   1.6280120e+00   3.1989400e-01
   4.9200000e+02   1.6267590e+00   3.2156700e-01
   4.9300000e+02   1.6254810e+00   3.2327400e-01
   4.9400000e+02   1.6241820e+00   3.2500800e-01
   4.9500000e+02   1.6228680e+00   3.2676300e-01
   4.9600000e+02   1.6215430e+00   3.2853500e-01
   4.9700000e+02   1.6202130e+00   3.3031600e-01
   4.9800000e+02   1.6188840e+00   3.3210000e-01
   4.9900000e+02   1.6175590e+00   3.3388300e-01
   5.0000000e+02   1.6162430e+00   3.3566000e-01
   5.0100000e+02   1.6149390e+00   3.3742700e-01
   5.0200000e+02   1.6136490e+00   3.3918100e-01
   5.0300000e+02   1.6123800e+00   3.4091400e-01
   5.0400000e+02   1.6111380e+00   3.4262000e-01
   5.0500000e+02   1.6099280e+00   3.4429300e-01
   5.0600000e+02   1.6087540e+00   3.4592800e-01
   5.0700000e+02   1.6076200e+00   3.4751700e-01
   5.0800000e+02   1.6065320e+00   3.4905700e-01
   5.0900000e+02   1.6054930e+00   3.5054200e-01
   5.1000000e+02   1.6045070e+00   3.5196900e-01
   5.1100000e+02   1.6035720e+00   3.5333700e-01
   5.1200000e+02   1.6026850e+00   3.5464900e-01
   5.1300000e+02   1.6018440e+00   3.5590800e-01
   5.1400000e+02   1.6010450e+00   3.5711600e-01
   5.1500000e+02   1.6002840e+00   3.5827700e-01
   5.1600000e+02   1.5995570e+00   3.5939300e-01
   5.1700000e+02   1.5988610e+00   3.6046800e-01
   5.1800000e+02   1.5981900e+00   3.6150700e-01
   5.1900000e+02   1.5975410e+00   3.6251200e-01
   5.2000000e+02   1.5969110e+00   3.6348500e-01
   5.2100000e+02   1.5962990e+00   3.6443000e-01
   5.2200000e+02   1.5957010e+00   3.6534700e-01
   5.2300000e+02   1.5951130e+00   3.6624200e-01
   5.2400000e+02   1.5945300e+00   3.6711800e-01
   5.2500000e+02   1.5939470e+00   3.6797900e-01
   5.2600000e+02   1.5933610e+00   3.6883000e-01
   5.2700000e+02   1.5927690e+00   3.6967400e-01
   5.2800000e+02   1.5921660e+00   3.7051200e-01
   5.2900000e+02   1.5915490e+00   3.7134800e-01
   5.3000000e+02   1.5909140e+00   3.7218500e-01
   5.3100000e+02   1.5902600e+00   3.7302500e-01
   5.3200000e+02   1.5895840e+00   3.7386800e-01
   5.3300000e+02   1.5888850e+00   3.7471700e-01
   5.3400000e+02   1.5881590e+00   3.7557300e-01
   5.3500000e+02   1.5874040e+00   3.7643900e-01
   5.3600000e+02   1.5866140e+00   3.7731900e-01
   5.3700000e+02   1.5857860e+00   3.7821700e-01
   5.3800000e+02   1.5849150e+00   3.7913600e-01
   5.3900000e+02   1.5840000e+00   3.8007900e-01
   5.4000000e+02   1.5830360e+00   3.8104800e-01
   5.4100000e+02   1.5820200e+00   3.8204600e-01
   5.4200000e+02   1.5809510e+00   3.8307500e-01
   5.4300000e+02   1.5798290e+00   3.8413400e-01
   5.4400000e+02   1.5786560e+00   3.8522100e-01
   5.4500000e+02   1.5774350e+00   3.8633400e-01
   5.4600000e+02   1.5761670e+00   3.8747000e-01
   5.4700000e+02   1.5748570e+00   3.8862800e-01
   5.4800000e+02   1.5735050e+00   3.8980400e-01
   5.4900000e+02   1.5721160e+00   3.9099700e-01
   5.5000000e+02   1.5706920e+00   3.9220300e-01
   5.5100000e+02   1.5692350e+00   3.9342000e-01
   5.5200000e+02   1.5677490e+00   3.9464600e-01
   5.5300000e+02   1.5662360e+00   3.9587800e-01
   5.5400000e+02   1.5646970e+00   3.9711500e-01
   5.5500000e+02   1.5631360e+00   3.9835300e-01
   5.5600000e+02   1.5615580e+00   3.9959000e-01
   5.5700000e+02   1.5599650e+00   4.0082200e-01
   5.5800000e+02   1.5583600e+00   4.0204500e-01
   5.5900000e+02   1.5567470e+00   4.0325900e-01
   5.6000000e+02   1.5551260e+00   4.0446200e-01
   5.6100000e+02   1.5534990e+00   4.0565100e-01
   5.6200000e+02   1.5518700e+00   4.0682400e-01
   5.6300000e+02   1.5502380e+00   4.0798100e-01
   5.6400000e+02   1.5486050e+00   4.0912000e-01
   5.6500000e+02   1.5469710e+00   4.1024100e-01
   5.6600000e+02   1.5453390e+00   4.1134200e-01
   5.6700000e+02   1.5437100e+00   4.1242200e-01
   5.6800000e+02   1.5420870e+00   4.1347800e-01
   5.6900000e+02   1.5404730e+00   4.1450800e-01
   5.7000000e+02   1.5388690e+00   4.1551000e-01
   5.7100000e+02   1.5372790e+00   4.1648100e-01
   5.7200000e+02   1.5357040e+00   4.1742100e-01
   5.7300000e+02   1.5341460e+00   4.1832900e-01
   5.7400000e+02   1.5326050e+00   4.1920200e-01
   5.7500000e+02   1.5310830e+00   4.2004200e-01
   5.7600000e+02   1.5295780e+00   4.2084900e-01
   5.7700000e+02   1.5280890e+00   4.2162600e-01
   5.7800000e+02   1.5266140e+00   4.2237300e-01
   5.7900000e+02   1.5251530e+00   4.2309300e-01
   5.8000000e+02   1.5237040e+00   4.2378700e-01
   5.8100000e+02   1.5222660e+00   4.2445600e-01
   5.8200000e+02   1.5208380e+00   4.2510200e-01
   5.8300000e+02   1.5194190e+00   4.2572800e-01
   5.8400000e+02   1.5180060e+00   4.2633400e-01
   5.8500000e+02   1.5165980e+00   4.2692200e-01
   5.8600000e+02   1.5151950e+00   4.2749400e-01
   5.8700000e+02   1.5137940e+00   4.2805100e-01
   5.8800000e+02   1.5123940e+00   4.2859500e-01
   5.8900000e+02   1.5109920e+00   4.2913000e-01
   5.9000000e+02   1.5095850e+00   4.2965700e-01
   5.9100000e+02   1.5081750e+00   4.3017600e-01
   5.9200000e+02   1.5067590e+00   4.3069100e-01
   5.9300000e+02   1.5053380e+00   4.3120100e-01
   5.9400000e+02   1.5039100e+00   4.3170900e-01
   5.9500000e+02   1.5024750e+00   4.3221600e-01
   5.9600000e+02   1.5010340e+00   4.3272100e-01
   5.9700000e+02   1.4995850e+00   4.3322600e-01
   5.9800000e+02   1.4981290e+00   4.3373300e-01
   5.9900000e+02   1.4966630e+00   4.3424100e-01
   6.0000000e+02   1.4951880e+00   4.3475300e-01
   6.0100000e+02   1.4937020e+00   4.3527100e-01
   6.0200000e+02   1.4922040e+00   4.3579600e-01
   6.0300000e+02   1.4906940e+00   4.3632900e-01
   6.0400000e+02   1.4891690e+00   4.3687200e-01
   6.0500000e+02   1.4876290e+00   4.3742500e-01
   6.0600000e+02   1.4860750e+00   4.3799000e-01
   6.0700000e+02   1.4845060e+00   4.3856500e-01
   6.0800000e+02   1.4829210e+00   4.3915100e-01
   6.0900000e+02   1.4813220e+00   4.3974600e-01
   6.1000000e+02   1.4797100e+00   4.4035000e-01
   6.1100000e+02   1.4780840e+00   4.4096000e-01
   6.1200000e+02   1.4764440e+00   4.4157700e-01
   6.1300000e+02   1.4747920e+00   4.4220000e-01
   6.1400000e+02   1.4731270e+00   4.4282600e-01
   6.1500000e+02   1.4714500e+00   4.4345500e-01
   6.1600000e+02   1.4697610e+00   4.4408600e-01
   6.1700000e+02   1.4680630e+00   4.4471700e-01
   6.1800000e+02   1.4663530e+00   4.4534900e-01
   6.1900000e+02   1.4646350e+00   4.4597800e-01
   6.2000000e+02   1.4629080e+00   4.4660500e-01
   6.2100000e+02   1.4611740e+00   4.4722700e-01
   6.2200000e+02   1.4594320e+00   4.4784200e-01
   6.2300000e+02   1.4576840e+00   4.4845100e-01
   6.2400000e+02   1.4559290e+00   4.4905200e-01
   6.2500000e+02   1.4541680e+00   4.4964400e-01
   6.2600000e+02   1.4524010e+00   4.5022600e-01
   6.2700000e+02   1.4506270e+00   4.5079800e-01
   6.2800000e+02   1.4488480e+00   4.5135900e-01
   6.2900000e+02   1.4470620e+00   4.5190900e-01
   6.3000000e+02   1.4452690e+00   4.5244600e-01
   6.3100000e+02   1.4434710e+00   4.5297000e-01
   6.3200000e+02   1.4416680e+00   4.5348000e-01
   6.3300000e+02   1.4398590e+00   4.5397400e-01
   6.3400000e+02   1.4380450e+00   4.5445200e-01
   6.3500000e+02   1.4362270e+00   4.5491200e-01
   6.3600000e+02   1.4344040e+00   4.5535400e-01
   6.3700000e+02   1.4325770e+00   4.5577600e-01
   6.3800000e+02   1.4307460e+00   4.5617800e-01
   6.3900000e+02   1.4289110e+00   4.5656000e-01
   6.4000000e+02   1.4270720e+00   4.5692300e-01
   6.4100000e+02   1.4252290e+00   4.5726600e-01
   6.4200000e+02   1.4233810e+00   4.5759000e-01
   6.4300000e+02   1.4215290e+00   4.5789500e-01
   6.4400000e+02   1.4196720e+00   4.5818200e-01
   6.4500000e+02   1.4178110e+00   4.5845100e-01
   6.4600000e+02   1.4159450e+00   4.5870300e-01
   6.4700000e+02   1.4140740e+00   4.5893800e-01
   6.4800000e+02   1.4121980e+00   4.5915600e-01
   6.4900000e+02   1.4103170e+00   4.5935800e-01
   6.5000000e+02   1.4084310e+00   4.5954400e-01
   6.5100000e+02   1.4065390e+00   4.5971500e-01
   6.5200000e+02   1.4046410e+00   4.5987200e-01
   6.5300000e+02   1.4027370e+00   4.6001500e-01
   6.5400000e+02   1.4008270e+00   4.6014500e-01
   6.5500000e+02   1.3989100e+00   4.6026200e-01
   6.5600000e+02   1.3969880e+00   4.6036700e-01
   6.5700000e+02   1.3950580e+00   4.6045900e-01
   6.5800000e+02   1.3931230e+00   4.6053900e-01
   6.5900000e+02   1.3911810e+00   4.6060700e-01
   6.6000000e+02   1.3892320e+00   4.6066300e-01
   6.6100000e+02   1.3872770e+00   4.6070700e-01
   6.6200000e+02   1.3853160e+00   4.6074000e-01
   6.6300000e+02   1.3833480e+00   4.6076000e-01
   6.6400000e+02   1.3813740e+00   4.6077000e-01
   6.6500000e+02   1.3793930e+00   4.6076900e-01
   6.6600000e+02   1.3774060e+00   4.6075800e-01
   6.6700000e+02   1.3754120e+00   4.6073700e-01
   6.6800000e+02   1.3734120e+00   4.6070500e-01
   6.6900000e+02   1.3714060e+00   4.6066500e-01
   6.7000000e+02   1.3693930e+00   4.6061400e-01
   6.7100000e+02   1.3673740e+00   4.6055400e-01
   6.7200000e+02   1.3653490e+00   4.6048500e-01
   6.7300000e+02   1.3633190e+00   4.6040400e-01
   6.7400000e+02   1.3612840e+00   4.6031400e-01
   6.7500000e+02   1.3592440e+00   4.6021200e-01
   6.7600000e+02   1.3571990e+00   4.6009800e-01
   6.7700000e+02   1.3551510e+00   4.5997300e-01
   6.7800000e+02   1.3530980e+00   4.5983600e-01
   6.7900000e+02   1.3510420e+00   4.5968600e-01
   6.8000000e+02   1.3489820e+00   4.5952300e-01
   6.8100000e+02   1.3469200e+00   4.5934700e-01
   6.8200000e+02   1.3448560e+00   4.5915700e-01
   6.8300000e+02   1.3427890e+00   4.5895200e-01
   6.8400000e+02   1.3407200e+00   4.5873300e-01
   6.8500000e+02   1.3386500e+00   4.5849900e-01
   6.8600000e+02   1.3365780e+00   4.5824900e-01
   6.8700000e+02   1.3345060e+00   4.5798200e-01
   6.8800000e+02   1.3324340e+00   4.5770000e-01
   6.8900000e+02   1.3303620e+00   4.5740000e-01
   6.9000000e+02   1.3282900e+00   4.5708400e-01
   6.9100000e+02   1.3262200e+00   4.5675000e-01
   6.9200000e+02   1.3241510e+00   4.5639900e-01
   6.9300000e+02   1.3220840e+00   4.5603000e-01
   6.9400000e+02   1.3200190e+00   4.5564400e-01
   6.9500000e+02   1.3179560e+00   4.5523900e-01
   6.9600000e+02   1.3158960e+00   4.5481500e-01
   6.9700000e+02   1.3138400e+00   4.5437300e-01
   6.9800000e+02   1.3117870e+00   4.5391200e-01
   6.9900000e+02   1.3097380e+00   4.5343100e-01
   7.0000000e+02   1.3076940e+00   4.5293100e-01
   7.0100000e+02   1.3056550e+00   4.5241000e-01
   7.0200000e+02   1.3036200e+00   4.5187000e-01
   7.0300000e+02   1.3015910e+00   4.5131000e-01
   7.0400000e+02   1.2995670e+00   4.5073000e-01
   7.0500000e+02   1.2975490e+00   4.5013100e-01
   7.0600000e+02   1.2955350e+00   4.4951200e-01
   7.0700000e+02   1.2935270e+00   4.4887300e-01
   7.0800000e+02   1.2915240e+00   4.4821600e-01
   7.0900000e+02   1.2895260e+00   4.4754100e-01
   7.1000000e+02   1.2875320e+00   4.4684600e-01
   7.1100000e+02   1.2855440e+00   4.4613400e-01
   7.1200000e+02   1.2835600e+00   4.4540300e-01
   7.1300000e+02   1.2815810e+00   4.4465500e-01
   7.1400000e+02   1.2796080e+00   4.4388900e-01
   7.1500000e+02   1.2776390e+00   4.4310600e-01
   7.1600000e+02   1.2756750e+00   4.4230600e-01
   7.1700000e+02   1.2737160e+00   4.4148900e-01
   7.1800000e+02   1.2717620e+00   4.4065500e-01
   7.1900000e+02   1.2698130e+00   4.3980600e-01
   7.2000000e+02   1.2678680e+00   4.3894000e-01
   7.2100000e+02   1.2659280e+00   4.3805900e-01
   7.2200000e+02   1.2639920e+00   4.3716300e-01
   7.2300000e+02   1.2620610e+00   4.3625200e-01
   7.2400000e+02   1.2601340e+00   4.3532700e-01
   7.2500000e+02   1.2582120e+00   4.3438700e-01
   7.2600000e+02   1.2562940e+00   4.3343300e-01
   7.2700000e+02   1.2543820e+00   4.3246500e-01
   7.2800000e+02   1.2524730e+00   4.3148400e-01
   7.2900000e+02   1.2505680e+00   4.3048900e-01
   7.3000000e+02   1.2486680e+00   4.2948200e-01
   7.3100000e+02   1.2467720e+00   4.2846200e-01
   7.3200000e+02   1.2448800e+00   4.2743000e-01
   7.3300000e+02   1.2429920e+00   4.2638600e-01
   7.3400000e+02   1.2411080e+00   4.2533000e-01
   7.3500000e+02   1.2392280e+00   4.2426200e-01
   7.3600000e+02   1.2373530e+00   4.2318200e-01
   7.3700000e+02   1.2354840e+00   4.2209100e-01
   7.3800000e+02   1.2336190e+00   4.2098700e-01
   7.3900000e+02   1.2317610e+00   4.1987000e-01
   7.4000000e+02   1.2299090e+00   4.1874100e-01
   7.4100000e+02   1.2280630e+00   4.1760000e-01
   7.4200000e+02   1.2262250e+00   4.1644500e-01
   7.4300000e+02   1.2243940e+00   4.1527700e-01
   7.4400000e+02   1.2225720e+00   4.1409700e-01
   7.4500000e+02   1.2207570e+00   4.1290300e-01
   7.4600000e+02   1.2189510e+00   4.1169500e-01
   7.4700000e+02   1.2171540e+00   4.1047500e-01
   7.4800000e+02   1.2153660e+00   4.0924000e-01
   7.4900000e+02   1.2135880e+00   4.0799200e-01
   7.5000000e+02   1.2118200e+00   4.0673000e-01
   7.5100000e+02   1.2100620e+00   4.0545400e-01
   7.5200000e+02   1.2083160e+00   4.0416400e-01
   7.5300000e+02   1.2065800e+00   4.0286000e-01
   7.5400000e+02   1.2048560e+00   4.0154100e-01
   7.5500000e+02   1.2031440e+00   4.0020600e-01
   7.5600000e+02   1.2014430e+00   3.9885800e-01
   7.5700000e+02   1.1997550e+00   3.9749400e-01
   7.5800000e+02   1.1980790e+00   3.9611500e-01
   7.5900000e+02   1.1964160e+00   3.9472000e-01
   7.6000000e+02   1.1947650e+00   3.9331100e-01
   7.6100000e+02   1.1931280e+00   3.9188500e-01
   7.6200000e+02   1.1915040e+00   3.9044400e-01
   7.6300000e+02   1.1898950e+00   3.8898700e-01
   7.6400000e+02   1.1882990e+00   3.8751400e-01
   7.6500000e+02   1.1867180e+00   3.8602500e-01
   7.6600000e+02   1.1851530e+00   3.8452000e-01
   7.6700000e+02   1.1836010e+00   3.8299900e-01
   7.6800000e+02   1.1820650e+00   3.8146200e-01
   7.6900000e+02   1.1805440e+00   3.7991100e-01
   7.7000000e+02   1.1790370e+00   3.7834500e-01
   7.7100000e+02   1.1775460e+00   3.7676400e-01
   7.7200000e+02   1.1760690e+00   3.7517000e-01
   7.7300000e+02   1.1746070e+00   3.7356200e-01
   7.7400000e+02   1.1731600e+00   3.7194200e-01
   7.7500000e+02   1.1717280e+00   3.7030900e-01
   7.7600000e+02   1.1703100e+00   3.6866400e-01
   7.7700000e+02   1.1689070e+00   3.6700700e-01
   7.7800000e+02   1.1675190e+00   3.6533900e-01
   7.7900000e+02   1.1661460e+00   3.6366000e-01
   7.8000000e+02   1.1647860e+00   3.6197100e-01
   7.8100000e+02   1.1634410e+00   3.6027200e-01
   7.8200000e+02   1.1621110e+00   3.5856300e-01
   7.8300000e+02   1.1607940e+00   3.5684500e-01
   7.8400000e+02   1.1594920e+00   3.5511800e-01
   7.8500000e+02   1.1582040e+00   3.5338300e-01
   7.8600000e+02   1.1569310e+00   3.5164000e-01
   7.8700000e+02   1.1556730e+00   3.4989000e-01
   7.8800000e+02   1.1544300e+00   3.4813200e-01
   7.8900000e+02   1.1532020e+00   3.4636800e-01
   7.9000000e+02   1.1519890e+00   3.4459600e-01
   7.9100000e+02   1.1507910e+00   3.4281900e-01
   7.9200000e+02   1.1496080e+00   3.4103600e-01
   7.9300000e+02   1.1484400e+00   3.3924700e-01
   7.9400000e+02   1.1472880e+00   3.3745400e-01
   7.9500000e+02   1.1461510e+00   3.3565600e-01
   7.9600000e+02   1.1450300e+00   3.3385400e-01
   7.9700000e+02   1.1439230e+00   3.3204800e-01
   7.9800000e+02   1.1428320e+00   3.3023900e-01
   7.9900000e+02   1.1417560e+00   3.2842700e-01
   8.0000000e+02   1.1406960e+00   3.2661100e-01
   8.0100000e+02   1.1396510e+00   3.2479100e-01
   8.0200000e+02   1.1386210e+00   3.2296800e-01
   8.0300000e+02   1.1376060e+00   3.2114100e-01
   8.0400000e+02   1.1366060e+00   3.1931000e-01
   8.0500000e+02   1.1356210e+00   3.1747500e-01
   8.0600000e+02   1.1346510e+00   3.1563700e-01
   8.0700000e+02   1.1336960e+00   3.1379400e-01
   8.0800000e+02   1.1327550e+00   3.1194600e-01
   8.0900000e+02   1.1318300e+00   3.1009400e-01
   8.1000000e+02   1.1309200e+00   3.0823800e-01
   8.1100000e+02   1.1300250e+00   3.0637700e-01
   8.1200000e+02   1.1291450e+00   3.0451100e-01
   8.1300000e+02   1.1282800e+00   3.0263900e-01
   8.1400000e+02   1.1274300e+00   3.0076300e-01
   8.1500000e+02   1.1265950e+00   2.9888100e-01
   8.1600000e+02   1.1257750e+00   2.9699300e-01
   8.1700000e+02   1.1249690e+00   2.9510100e-01
   8.1800000e+02   1.1241790e+00   2.9320300e-01
   8.1900000e+02   1.1234020e+00   2.9130000e-01
   8.2000000e+02   1.1226400e+00   2.8939200e-01
   8.2100000e+02   1.1218930e+00   2.8747900e-01
   8.2200000e+02   1.1211590e+00   2.8556200e-01
   8.2300000e+02   1.1204400e+00   2.8363900e-01
   8.2400000e+02   1.1197350e+00   2.8171200e-01
   8.2500000e+02   1.1190430e+00   2.7977900e-01
   8.2600000e+02   1.1183660e+00   2.7784100e-01
   8.2700000e+02   1.1177020e+00   2.7589900e-01
   8.2800000e+02   1.1170520e+00   2.7395100e-01
   8.2900000e+02   1.1164160e+00   2.7199800e-01
   8.3000000e+02   1.1157930e+00   2.7004000e-01
   8.3100000e+02   1.1151840e+00   2.6807800e-01
   8.3200000e+02   1.1145890e+00   2.6611000e-01
   8.3300000e+02   1.1140080e+00   2.6413800e-01
   8.3400000e+02   1.1134420e+00   2.6216100e-01
   8.3500000e+02   1.1128920e+00   2.6018000e-01
   8.3600000e+02   1.1123560e+00   2.5819500e-01
   8.3700000e+02   1.1118360e+00   2.5620500e-01
   8.3800000e+02   1.1113320e+00   2.5421100e-01
   8.3900000e+02   1.1108440e+00   2.5221400e-01
   8.4000000e+02   1.1103720e+00   2.5021300e-01
   8.4100000e+02   1.1099170e+00   2.4820800e-01
   8.4200000e+02   1.1094790e+00   2.4620100e-01
   8.4300000e+02   1.1090590e+00   2.4419000e-01
   8.4400000e+02   1.1086560e+00   2.4217700e-01
   8.4500000e+02   1.1082700e+00   2.4016200e-01
   8.4600000e+02   1.1079030e+00   2.3814500e-01
   8.4700000e+02   1.1075540e+00   2.3612600e-01
   8.4800000e+02   1.1072240e+00   2.3410500e-01
   8.4900000e+02   1.1069130e+00   2.3208200e-01
   8.5000000e+02   1.1066210e+00   2.3005700e-01
   8.5100000e+02   1.1063480e+00   2.2803100e-01
   8.5200000e+02   1.1060940e+00   2.2600400e-01
   8.5300000e+02   1.1058600e+00   2.2397500e-01
   8.5400000e+02   1.1056450e+00   2.2194500e-01
   8.5500000e+02   1.1054500e+00   2.1991400e-01
   8.5600000e+02   1.1052750e+00   2.1788200e-01
   8.5700000e+02   1.1051210e+00   2.1584900e-01
   8.5800000e+02   1.1049870e+00   2.1381600e-01
   8.5900000e+02   1.1048740e+00   2.1178200e-01
   8.6000000e+02   1.1047830e+00   2.0974900e-01
   8.6100000e+02   1.1047120e+00   2.0771500e-01
   8.6200000e+02   1.1046620e+00   2.0568200e-01
   8.6300000e+02   1.1046340e+00   2.0364900e-01
   8.6400000e+02   1.1046270e+00   2.0161700e-01
   8.6500000e+02   1.1046410e+00   1.9958700e-01
   8.6600000e+02   1.1046770e+00   1.9755900e-01
   8.6700000e+02   1.1047340e+00   1.9553300e-01
   8.6800000e+02   1.1048120e+00   1.9351000e-01
   8.6900000e+02   1.1049110e+00   1.9149000e-01
   8.7000000e+02   1.1050320e+00   1.8947400e-01
   8.7100000e+02   1.1051730e+00   1.8746300e-01
   8.7200000e+02   1.1053360e+00   1.8545600e-01
   8.7300000e+02   1.1055190e+00   1.8345400e-01
   8.7400000e+02   1.1057220e+00   1.8145700e-01
   8.7500000e+02   1.1059470e+00   1.7946700e-01
   8.7600000e+02   1.1061910e+00   1.7748300e-01
   8.7700000e+02   1.1064560e+00   1.7550600e-01
   8.7800000e+02   1.1067400e+00   1.7353600e-01
   8.7900000e+02   1.1070450e+00   1.7157400e-01
   8.8000000e+02   1.1073690e+00   1.6962100e-01
   8.8100000e+02   1.1077120e+00   1.6767500e-01
   8.8200000e+02   1.1080760e+00   1.6573900e-01
   8.8300000e+02   1.1084590e+00   1.6381200e-01
   8.8400000e+02   1.1088620e+00   1.6189500e-01
   8.8500000e+02   1.1092850e+00   1.5998700e-01
   8.8600000e+02   1.1097260e+00   1.5809000e-01
   8.8700000e+02   1.1101870e+00   1.5620400e-01
   8.8800000e+02   1.1106680e+00   1.5432900e-01
   8.8900000e+02   1.1111670e+00   1.5246600e-01
   8.9000000e+02   1.1116840e+00   1.5061500e-01
   8.9100000e+02   1.1122210e+00   1.4877700e-01
   8.9200000e+02   1.1127750e+00   1.4695100e-01
   8.9300000e+02   1.1133480e+00   1.4513900e-01
   8.9400000e+02   1.1139390e+00   1.4334000e-01
   8.9500000e+02   1.1145470e+00   1.4155500e-01
   8.9600000e+02   1.1151730e+00   1.3978500e-01
   8.9700000e+02   1.1158160e+00   1.3802900e-01
   8.9800000e+02   1.1164760e+00   1.3628700e-01
   8.9900000e+02   1.1171510e+00   1.3456100e-01
   9.0000000e+02   1.1178079e+00   1.3279279e-01
   9.0100000e+02   1.1184853e+00   1.3104272e-01
   9.0200000e+02   1.1191840e+00   1.2931531e-01
   9.0300000e+02   1.1199035e+00   1.2760875e-01
   9.0400000e+02   1.1206433e+00   1.2592257e-01
   9.0500000e+02   1.1214011e+00   1.2425629e-01
   9.0600000e+02   1.1221774e+00   1.2260943e-01
   9.0700000e+02   1.1229719e+00   1.2098245e-01
   9.0800000e+02   1.1237822e+00   1.1937392e-01
   9.0900000e+02   1.1246068e+00   1.1779504e-01
   9.1000000e+02   1.1254441e+00   1.1624149e-01
   9.1100000e+02   1.1262954e+00   1.1470990e-01
   9.1200000e+02   1.1271607e+00   1.1319886e-01
   9.1300000e+02   1.1280384e+00   1.1170787e-01
   9.1400000e+02   1.1289277e+00   1.1023728e-01
   9.1500000e+02   1.1298280e+00   1.0878655e-01
   9.1600000e+02   1.1307383e+00   1.0735515e-01
   9.1700000e+02   1.1316572e+00   1.0596448e-01
   9.1800000e+02   1.1325852e+00   1.0459625e-01
   9.1900000e+02   1.1335221e+00   1.0324826e-01
   9.2000000e+02   1.1344661e+00   1.0192155e-01
   9.2100000e+02   1.1354186e+00   1.0061398e-01
   9.2200000e+02   1.1363769e+00   9.9325775e-02
   9.2300000e+02   1.1373424e+00   9.8056373e-02
   9.2400000e+02   1.1383126e+00   9.6812677e-02
   9.2500000e+02   1.1392852e+00   9.5608405e-02
   9.2600000e+02   1.1402619e+00   9.4423393e-02
   9.2700000e+02   1.1412426e+00   9.3257078e-02
   9.2800000e+02   1.1422270e+00   9.2109608e-02
   9.2900000e+02   1.1432151e+00   9.0978983e-02
   9.3000000e+02   1.1442061e+00   8.9865362e-02
   9.3100000e+02   1.1451997e+00   8.8768179e-02
   9.3200000e+02   1.1461942e+00   8.7704751e-02
   9.3300000e+02   1.1471889e+00   8.6672492e-02
   9.3400000e+02   1.1481845e+00   8.5656397e-02
   9.3500000e+02   1.1491815e+00   8.4655930e-02
   9.3600000e+02   1.1501793e+00   8.3670557e-02
   9.3700000e+02   1.1511783e+00   8.2699119e-02
   9.3800000e+02   1.1521773e+00   8.1741112e-02
   9.3900000e+02   1.1531769e+00   8.0796029e-02
   9.4000000e+02   1.1541733e+00   7.9894954e-02
   9.4100000e+02   1.1551687e+00   7.9013880e-02
   9.4200000e+02   1.1561633e+00   7.8146116e-02
   9.4300000e+02   1.1571574e+00   7.7290594e-02
   9.4400000e+02   1.1581512e+00   7.6446283e-02
   9.4500000e+02   1.1591429e+00   7.5613283e-02
   9.4600000e+02   1.1601337e+00   7.4790584e-02
   9.4700000e+02   1.1611224e+00   7.3982414e-02
   9.4800000e+02   1.1621044e+00   7.3224253e-02
   9.4900000e+02   1.1630842e+00   7.2476395e-02
   9.5000000e+02   1.1640624e+00   7.1738919e-02
   9.5100000e+02   1.1650377e+00   7.1010409e-02
   9.5200000e+02   1.1660114e+00   7.0290955e-02
   9.5300000e+02   1.1669824e+00   6.9579675e-02
   9.5400000e+02   1.1679515e+00   6.8876639e-02
   9.5500000e+02   1.1689148e+00   6.8200538e-02
   9.5600000e+02   1.1698711e+00   6.7564527e-02
   9.5700000e+02   1.1708247e+00   6.6936605e-02
   9.5800000e+02   1.1717752e+00   6.6316414e-02
   9.5900000e+02   1.1727237e+00   6.5703193e-02
   9.6000000e+02   1.1736699e+00   6.5097010e-02
   9.6100000e+02   1.1746135e+00   6.4497123e-02
   9.6200000e+02   1.1755549e+00   6.3903206e-02
   9.6300000e+02   1.1764786e+00   6.3353314e-02
   9.6400000e+02   1.1773923e+00   6.2828468e-02
   9.6500000e+02   1.1783032e+00   6.2310381e-02
   9.6600000e+02   1.1792118e+00   6.1798726e-02
   9.6700000e+02   1.1801182e+00   6.1292850e-02
   9.6800000e+02   1.1810222e+00   6.0792772e-02
   9.6900000e+02   1.1819245e+00   6.0297859e-02
   9.7000000e+02   1.1828244e+00   5.9808110e-02
   9.7100000e+02   1.1836991e+00   5.9372828e-02
   9.7200000e+02   1.1845703e+00   5.8945106e-02
   9.7300000e+02   1.1854392e+00   5.8522779e-02
   9.7400000e+02   1.1863062e+00   5.8105552e-02
   9.7500000e+02   1.1871712e+00   5.7693126e-02
   9.7600000e+02   1.1880344e+00   5.7285206e-02
   9.7700000e+02   1.1888959e+00   5.6881265e-02
   9.7800000e+02   1.1897468e+00   5.6492928e-02
   9.7900000e+02   1.1905695e+00   5.6143624e-02
   9.8000000e+02   1.1913897e+00   5.5798880e-02
   9.8100000e+02   1.1922079e+00   5.5458023e-02
   9.8200000e+02   1.1930244e+00   5.5120814e-02
   9.8300000e+02   1.1938390e+00   5.4787184e-02
   9.8400000e+02   1.1946520e+00   5.4456867e-02
   9.8500000e+02   1.1954633e+00   5.4129298e-02
   9.8600000e+02   1.1962596e+00   5.3829108e-02
   9.8700000e+02   1.1970425e+00   5.3553317e-02
   9.8800000e+02   1.1978237e+00   5.3280783e-02
   9.8900000e+02   1.1986031e+00   5.3011269e-02
   9.9000000e+02   1.1993810e+00   5.2744439e-02
   9.9100000e+02   1.2001575e+00   5.2480173e-02
   9.9200000e+02   1.2009326e+00   5.2218075e-02
   9.9300000e+02   1.2017065e+00   5.1958106e-02
   9.9400000e+02   1.2024464e+00   5.1739810e-02
   9.9500000e+02   1.2031774e+00   5.1532687e-02
   9.9600000e+02   1.2039066e+00   5.1328000e-02
   9.9700000e+02   1.2046341e+00   5.1125542e-02
   9.9800000e+02   1.2053600e+00   5.0925083e-02
   9.9900000e+02   1.2060844e+00   5.0726457e-02
   1.0000000e+03   1.2068075e+00   5.0529455e-02
   1.0008918e+03   1.2074773e+00   5.0268182e-02
   1.0086064e+03   1.2130391e+00   4.8354545e-02
   1.0163201e+03   1.2182091e+00   4.6732727e-02
   1.0240341e+03   1.2231527e+00   4.5351818e-02
   1.0317479e+03   1.2277336e+00   4.4160909e-02
   1.0394621e+03   1.2321264e+00   4.3136364e-02
   1.0471763e+03   1.2361636e+00   4.2232727e-02
   1.0548901e+03   1.2400782e+00   4.1375455e-02
   1.0626044e+03   1.2437573e+00   4.0630909e-02
   1.0703177e+03   1.2473100e+00   3.9970909e-02
   1.0780323e+03   1.2506545e+00   3.9372727e-02
   1.0857457e+03   1.2539227e+00   3.8845455e-02
   1.0934602e+03   1.2569973e+00   3.8380909e-02
   1.1011736e+03   1.2600236e+00   3.8000909e-02
   1.1088884e+03   1.2628600e+00   3.7701818e-02
   1.1166023e+03   1.2656273e+00   3.7483636e-02
   1.1243156e+03   1.2681527e+00   3.7310909e-02
   1.1320298e+03   1.2706445e+00   3.7159091e-02
   1.1397440e+03   1.2729400e+00   3.7018182e-02
   1.1474575e+03   1.2752309e+00   3.6892727e-02
   1.1551719e+03   1.2773664e+00   3.6800000e-02
   1.1628854e+03   1.2794900e+00   3.6734545e-02
   1.1705997e+03   1.2814691e+00   3.6694545e-02
   1.1783143e+03   1.2834618e+00   3.6689091e-02
   1.1860272e+03   1.2852827e+00   3.6726364e-02
   1.1937419e+03   1.2871145e+00   3.6799091e-02
   1.2014552e+03   1.2887436e+00   3.6890909e-02
   1.2091694e+03   1.2903845e+00   3.6983636e-02
   1.2168840e+03   1.2918873e+00   3.7075455e-02
   1.2245973e+03   1.2933827e+00   3.7172727e-02
   1.2323117e+03   1.2947445e+00   3.7270909e-02
   1.2400255e+03   1.2961282e+00   3.7370909e-02
   1.2477400e+03   1.2973655e+00   3.7471818e-02
   1.2554534e+03   1.2986064e+00   3.7535455e-02
   1.2631669e+03   1.2997527e+00   3.7570909e-02
   1.2708822e+03   1.3009727e+00   3.7587273e-02
   1.2785958e+03   1.3021064e+00   3.7607273e-02
   1.2863093e+03   1.3033045e+00   3.7646364e-02
   1.2940243e+03   1.3044364e+00   3.7715455e-02
   1.3017376e+03   1.3055964e+00   3.7833636e-02
   1.3094524e+03   1.3066518e+00   3.7990909e-02
   1.3171656e+03   1.3076991e+00   3.8190000e-02
   1.3248788e+03   1.3085764e+00   3.8389091e-02
   1.3325942e+03   1.3094709e+00   3.8560909e-02
   1.3403083e+03   1.3102218e+00   3.8675455e-02
   1.3480214e+03   1.3110045e+00   3.8712727e-02
   1.3557355e+03   1.3117682e+00   3.8670000e-02
   1.3634492e+03   1.3126645e+00   3.8597273e-02
   1.3711628e+03   1.3135827e+00   3.8553636e-02
   1.3788767e+03   1.3146109e+00   3.8602727e-02
   1.3865914e+03   1.3155473e+00   3.8744545e-02
   1.3943054e+03   1.3164836e+00   3.8941818e-02
   1.4020192e+03   1.3172755e+00   3.9127273e-02
   1.4097334e+03   1.3181427e+00   3.9276364e-02
   1.4174465e+03   1.3189518e+00   3.9430000e-02
   1.4251612e+03   1.3198618e+00   3.9616364e-02
   1.4328762e+03   1.3207055e+00   3.9858182e-02
   1.4405901e+03   1.3215718e+00   4.0144545e-02
   1.4483035e+03   1.3223391e+00   4.0451818e-02
   1.4560174e+03   1.3231582e+00   4.0770000e-02
   1.4637324e+03   1.3239055e+00   4.1124545e-02
   1.4714451e+03   1.3246418e+00   4.1482727e-02
   1.4791587e+03   1.3252700e+00   4.1803636e-02
   1.4868739e+03   1.3259973e+00   4.2053636e-02
   1.4945874e+03   1.3266882e+00   4.2254545e-02
   1.5023023e+03   1.3275364e+00   4.2399091e-02
   1.5100152e+03   1.3284345e+00   4.2479091e-02
   1.5177294e+03   1.3296500e+00   4.2533636e-02
   1.5254436e+03   1.3311173e+00   4.2678182e-02
   1.5331568e+03   1.3329309e+00   4.3066364e-02
   1.5408724e+03   1.3349682e+00   4.3811818e-02
   1.5485845e+03   1.3371873e+00   4.4967273e-02
   1.5562991e+03   1.3395309e+00   4.6596364e-02
   1.5640127e+03   1.3420409e+00   4.8802727e-02
   1.5717265e+03   1.3445600e+00   5.1765455e-02
   1.5794420e+03   1.3470527e+00   5.5723636e-02
   1.5871555e+03   1.3489745e+00   6.0861818e-02
   1.5948683e+03   1.3499791e+00   6.7190000e-02
   1.6025821e+03   1.3494000e+00   7.4476364e-02
   1.6102982e+03   1.3469973e+00   8.2269091e-02
   1.6180104e+03   1.3422345e+00   8.9941818e-02
   1.6257255e+03   1.3353936e+00   9.6780000e-02
   1.6334398e+03   1.3264709e+00   1.0206727e-01
   1.6411522e+03   1.3161573e+00   1.0517909e-01
   1.6488672e+03   1.3049773e+00   1.0585727e-01
   1.6565809e+03   1.2937564e+00   1.0364182e-01
   1.6642950e+03   1.2834982e+00   9.8911818e-02
   1.6720087e+03   1.2747209e+00   9.2145455e-02
   1.6797237e+03   1.2678382e+00   8.3920909e-02
   1.6874362e+03   1.2629155e+00   7.4804545e-02
   1.6951508e+03   1.2600745e+00   6.5310909e-02
   1.7028639e+03   1.2592000e+00   5.5940000e-02
   1.7105801e+03   1.2601491e+00   4.7183636e-02
   1.7182928e+03   1.2624991e+00   3.9444545e-02
   1.7260068e+03   1.2658036e+00   3.2950909e-02
   1.7337212e+03   1.2696164e+00   2.7694545e-02
   1.7414352e+03   1.2735200e+00   2.3508182e-02
   1.7491477e+03   1.2774018e+00   2.0179091e-02
   1.7568641e+03   1.2811382e+00   1.7540000e-02
   1.7645772e+03   1.2847045e+00   1.5463636e-02
   1.7722923e+03   1.2880409e+00   1.3868182e-02
   1.7800056e+03   1.2911382e+00   1.2644545e-02
   1.7877191e+03   1.2939673e+00   1.1696364e-02
   1.7954321e+03   1.2965945e+00   1.0950000e-02
   1.8031469e+03   1.2989945e+00   1.0364545e-02
   1.8108594e+03   1.3012391e+00   9.8927273e-03
   1.8185753e+03   1.3033082e+00   9.5145455e-03
   1.8262872e+03   1.3052545e+00   9.2090909e-03
   1.8340043e+03   1.3070627e+00   8.9718182e-03
   1.8417156e+03   1.3087655e+00   8.7736364e-03
   1.8494305e+03   1.3103600e+00   8.6063636e-03
   1.8571447e+03   1.3118927e+00   8.4600000e-03
   1.8648575e+03   1.3133255e+00   8.3381818e-03
   1.8725715e+03   1.3147218e+00   8.2354545e-03
   1.8802859e+03   1.3160391e+00   8.1427273e-03
   1.8880001e+03   1.3173345e+00   8.0590909e-03
   1.8957130e+03   1.3185664e+00   7.9845455e-03
   1.9034277e+03   1.3197973e+00   7.9245455e-03
   1.9111433e+03   1.3209845e+00   7.8690909e-03
   1.9188554e+03   1.3221864e+00   7.8436364e-03
   1.9265707e+03   1.3233445e+00   7.8472727e-03
   1.9342846e+03   1.3245127e+00   7.8818182e-03
   1.9420002e+03   1.3256318e+00   7.9509091e-03
   1.9497130e+03   1.3267564e+00   8.0600000e-03
   1.9574260e+03   1.3278209e+00   8.2000000e-03
   1.9651423e+03   1.3289009e+00   8.3800000e-03
   1.9728535e+03   1.3299018e+00   8.5909091e-03
   1.9805667e+03   1.3309064e+00   8.8372727e-03
   1.9882811e+03   1.3318464e+00   9.1090909e-03
   1.9959960e+03   1.3327855e+00   9.4154545e-03
   2.0037109e+03   1.3336555e+00   9.7472727e-03
   2.0114249e+03   1.3345145e+00   1.0103636e-02
   2.0191374e+03   1.3353045e+00   1.0490000e-02
   2.0268517e+03   1.3360945e+00   1.0906364e-02
   2.0345673e+03   1.3368055e+00   1.1353636e-02
   2.0422793e+03   1.3374809e+00   1.1820909e-02
   2.0499953e+03   1.3380982e+00   1.2319091e-02
   2.0577063e+03   1.3386445e+00   1.2823636e-02
   2.0654244e+03   1.3391455e+00   1.3339091e-02
   2.0731361e+03   1.3395755e+00   1.3870000e-02
   2.0808493e+03   1.3399164e+00   1.4391818e-02
   2.0885634e+03   1.3402209e+00   1.4904545e-02
   2.0962778e+03   1.3404245e+00   1.5398182e-02
   2.1039919e+03   1.3405873e+00   1.5867273e-02
   2.1117050e+03   1.3406445e+00   1.6302727e-02
   2.1194209e+03   1.3406836e+00   1.6683636e-02
   2.1271346e+03   1.3406118e+00   1.7009091e-02
   2.1348499e+03   1.3405373e+00   1.7259091e-02
   2.1425618e+03   1.3403918e+00   1.7428182e-02
   2.1502740e+03   1.3402536e+00   1.7520909e-02
   2.1579908e+03   1.3401064e+00   1.7536364e-02
   2.1657022e+03   1.3399518e+00   1.7475455e-02
   2.1734169e+03   1.3398127e+00   1.7337273e-02
   2.1811345e+03   1.3397391e+00   1.7137273e-02
   2.1888448e+03   1.3396409e+00   1.6875455e-02
   2.1965615e+03   1.3396291e+00   1.6567273e-02
   2.2042745e+03   1.3396191e+00   1.6198182e-02
   2.2119881e+03   1.3396945e+00   1.5793636e-02
   2.2197016e+03   1.3398027e+00   1.5354545e-02
   2.2274146e+03   1.3399955e+00   1.4905455e-02
   2.2351314e+03   1.3402300e+00   1.4441818e-02
   2.2428464e+03   1.3405445e+00   1.3993636e-02
   2.2505593e+03   1.3408609e+00   1.3556364e-02
   2.2582743e+03   1.3412609e+00   1.3145455e-02
   2.2659860e+03   1.3416364e+00   1.2755455e-02
   2.2736988e+03   1.3420545e+00   1.2375455e-02
   2.2814122e+03   1.3424573e+00   1.2005455e-02
   2.2891257e+03   1.3428936e+00   1.1624545e-02
   2.2968441e+03   1.3433445e+00   1.1241818e-02
   2.3045563e+03   1.3438200e+00   1.0851818e-02
   2.3122724e+03   1.3443227e+00   1.0455455e-02
   2.3199864e+03   1.3448818e+00   1.0072727e-02
   2.3276980e+03   1.3454545e+00   9.7054545e-03
   2.3354118e+03   1.3460773e+00   9.3745455e-03
   2.3431276e+03   1.3466973e+00   9.0690909e-03
   2.3508392e+03   1.3473427e+00   8.7954545e-03
   2.3585518e+03   1.3479536e+00   8.5427273e-03
   2.3662702e+03   1.3486045e+00   8.3072727e-03
   2.3739830e+03   1.3492191e+00   8.0672727e-03
   2.3816952e+03   1.3498582e+00   7.8381818e-03
   2.3894120e+03   1.3505018e+00   7.6100000e-03
   2.3971215e+03   1.3511536e+00   7.3963636e-03
   2.4048405e+03   1.3518118e+00   7.1881818e-03
   2.4125511e+03   1.3524827e+00   6.9954545e-03
   2.4202644e+03   1.3531327e+00   6.8027273e-03
   2.4279800e+03   1.3538218e+00   6.6090909e-03
   2.4356917e+03   1.3544800e+00   6.4245455e-03
   2.4434106e+03   1.3551882e+00   6.2381818e-03
   2.4511246e+03   1.3558673e+00   6.0618182e-03
   2.4588330e+03   1.3565764e+00   5.8836364e-03
   2.4665475e+03   1.3572773e+00   5.7109091e-03
   2.4742615e+03   1.3580073e+00   5.5381818e-03
   2.4819747e+03   1.3587236e+00   5.3600000e-03
   2.4896927e+03   1.3594800e+00   5.1872727e-03
   2.4974027e+03   1.3602173e+00   5.0090909e-03
   2.5051167e+03   1.3610000e+00   4.8363636e-03
   2.5128343e+03   1.3617782e+00   4.6645455e-03
   2.5205488e+03   1.3625955e+00   4.4972727e-03
   2.5282596e+03   1.3633991e+00   4.3254545e-03
   2.5359728e+03   1.3642518e+00   4.1636364e-03
   2.5436878e+03   1.3651009e+00   4.0027273e-03
   2.5514044e+03   1.3659936e+00   3.8418182e-03
   2.5591156e+03   1.3668773e+00   3.6954545e-03
   2.5668339e+03   1.3678200e+00   3.5500000e-03
   2.5745460e+03   1.3687536e+00   3.4190909e-03
   2.5822578e+03   1.3697264e+00   3.2990909e-03
   2.5899758e+03   1.3707045e+00   3.1836364e-03
   2.5976860e+03   1.3717173e+00   3.0836364e-03
   2.6054015e+03   1.3727445e+00   2.9936364e-03
   2.6131152e+03   1.3738018e+00   2.9181818e-03
   2.6208267e+03   1.3748645e+00   2.8572727e-03
   2.6285423e+03   1.3759773e+00   2.8118182e-03
   2.6362548e+03   1.3770700e+00   2.7763636e-03
   2.6439708e+03   1.3782227e+00   2.7609091e-03
   2.6516829e+03   1.3793600e+00   2.7609091e-03
   2.6593976e+03   1.3805373e+00   2.7700000e-03
   2.6671147e+03   1.3817200e+00   2.7890909e-03
   2.6748267e+03   1.3829373e+00   2.8236364e-03
   2.6825401e+03   1.3841600e+00   2.8672727e-03
   2.6902548e+03   1.3854227e+00   2.9163636e-03
   2.6979703e+03   1.3866955e+00   2.9800000e-03
   2.7056863e+03   1.3880136e+00   3.0536364e-03
   2.7133949e+03   1.3893318e+00   3.1372727e-03
   2.7211107e+03   1.3907200e+00   3.2300000e-03
   2.7288257e+03   1.3921145e+00   3.3381818e-03
   2.7365397e+03   1.3935536e+00   3.4563636e-03
   2.7442522e+03   1.3950291e+00   3.5900000e-03
   2.7519704e+03   1.3965536e+00   3.7390909e-03
   2.7596789e+03   1.3981091e+00   3.9027273e-03
   2.7673924e+03   1.3997245e+00   4.0972727e-03
   2.7751106e+03   1.4013700e+00   4.3118182e-03
   2.7828255e+03   1.4030855e+00   4.5418182e-03
   2.7905367e+03   1.4048409e+00   4.8018182e-03
   2.7982517e+03   1.4066764e+00   5.0918182e-03
   2.8059621e+03   1.4085518e+00   5.4263636e-03
   2.8136756e+03   1.4104982e+00   5.8109091e-03
   2.8213918e+03   1.4124845e+00   6.2363636e-03
   2.8291104e+03   1.4145609e+00   6.7127273e-03
   2.8368231e+03   1.4166718e+00   7.2436364e-03
   2.8445375e+03   1.4188627e+00   7.8345455e-03
   2.8522451e+03   1.4210782e+00   8.4854545e-03
   2.8599620e+03   1.4233936e+00   9.1963636e-03
   2.8676795e+03   1.4257745e+00   9.9818182e-03
   2.8753893e+03   1.4282145e+00   1.0856364e-02
   2.8831073e+03   1.4307309e+00   1.1819091e-02
   2.8908167e+03   1.4332845e+00   1.2877273e-02
   2.8985339e+03   1.4359145e+00   1.4045455e-02
   2.9062502e+03   1.4385809e+00   1.5304545e-02
   2.9139652e+03   1.4412891e+00   1.6660000e-02
   2.9216786e+03   1.4440582e+00   1.8102727e-02
   2.9293900e+03   1.4468818e+00   1.9627273e-02
   2.9370991e+03   1.4497900e+00   2.1268182e-02
   2.9448142e+03   1.4527827e+00   2.3025455e-02
   2.9525350e+03   1.4559445e+00   2.4928182e-02
   2.9602439e+03   1.4590864e+00   2.6996364e-02
   2.9679579e+03   1.4623682e+00   2.9245455e-02
   2.9756768e+03   1.4657736e+00   3.1700000e-02
   2.9833826e+03   1.4691100e+00   3.4374545e-02
   2.9911015e+03   1.4726364e+00   3.7270000e-02
   2.9988155e+03   1.4761427e+00   4.0420909e-02
   3.0065332e+03   1.4797491e+00   4.3838182e-02
   3.0142453e+03   1.4833155e+00   4.7555455e-02
   3.0219606e+03   1.4869382e+00   5.1584545e-02
   3.0296696e+03   1.4904609e+00   5.5950000e-02
   3.0373810e+03   1.4939536e+00   6.0663636e-02
   3.0450948e+03   1.4973809e+00   6.5753636e-02
   3.0528106e+03   1.5006636e+00   7.1211818e-02
   3.0605281e+03   1.5038645e+00   7.7050000e-02
   3.0682376e+03   1.5066073e+00   8.3242727e-02
   3.0759577e+03   1.5094455e+00   8.9800909e-02
   3.0836692e+03   1.5117382e+00   9.6721818e-02
   3.0913812e+03   1.5137909e+00   1.0400818e-01
   3.0990935e+03   1.5153145e+00   1.1160909e-01
   3.1068154e+03   1.5167409e+00   1.1945091e-01
   3.1145274e+03   1.5173845e+00   1.2746273e-01
   3.1222388e+03   1.5177709e+00   1.3563000e-01
   3.1299492e+03   1.5175991e+00   1.4396636e-01
   3.1376683e+03   1.5174782e+00   1.5250364e-01
   3.1453761e+03   1.5162918e+00   1.6125000e-01
   3.1530921e+03   1.5150127e+00   1.7016455e-01
   3.1608060e+03   1.5129727e+00   1.7919182e-01
   3.1685176e+03   1.5101155e+00   1.8823818e-01
   3.1762367e+03   1.5069327e+00   1.9717727e-01
   3.1839529e+03   1.5029800e+00   2.0589091e-01
   3.1916659e+03   1.4984309e+00   2.1430455e-01
   3.1993755e+03   1.4931773e+00   2.2238455e-01
   3.2070915e+03   1.4879191e+00   2.3008273e-01
   3.2148035e+03   1.4818800e+00   2.3729818e-01
   3.2225216e+03   1.4761573e+00   2.4399000e-01
   3.2302350e+03   1.4702100e+00   2.5028545e-01
   3.2379435e+03   1.4641373e+00   2.5643364e-01
   3.2456573e+03   1.4583100e+00   2.6262091e-01
   3.2533762e+03   1.4526009e+00   2.6889818e-01
   3.2610893e+03   1.4461064e+00   2.7519727e-01
   3.2688071e+03   1.4398400e+00   2.8148000e-01
   3.2765185e+03   1.4326691e+00   2.8773091e-01
   3.2842340e+03   1.4257591e+00   2.9395182e-01
   3.2919426e+03   1.4175900e+00   3.0013727e-01
   3.2996657e+03   1.4105509e+00   3.0630364e-01
   3.3073705e+03   1.4011973e+00   3.1245909e-01
   3.3150893e+03   1.3928591e+00   3.1860182e-01
   3.3228001e+03   1.3828564e+00   3.2467818e-01
   3.3305135e+03   1.3724436e+00   3.3059273e-01
   3.3382294e+03   1.3611464e+00   3.3616364e-01
   3.3459476e+03   1.3493082e+00   3.4120909e-01
   3.3536565e+03   1.3358336e+00   3.4551273e-01
   3.3613671e+03   1.3216300e+00   3.4888636e-01
   3.3690906e+03   1.3079282e+00   3.5119545e-01
   3.3768041e+03   1.2927082e+00   3.5232364e-01
   3.3845185e+03   1.2775391e+00   3.5223273e-01
   3.3922338e+03   1.2625173e+00   3.5086818e-01
   3.3999381e+03   1.2464882e+00   3.4825273e-01
   3.4076543e+03   1.2317864e+00   3.4440818e-01
   3.4153705e+03   1.2171609e+00   3.3943545e-01
   3.4230867e+03   1.2029300e+00   3.3341727e-01
   3.4308024e+03   1.1891736e+00   3.2638364e-01
   3.4385176e+03   1.1759055e+00   3.1833364e-01
   3.4462319e+03   1.1633500e+00   3.0928273e-01
   3.4539451e+03   1.1515509e+00   2.9932818e-01
   3.4616570e+03   1.1407155e+00   2.8860091e-01
   3.4693672e+03   1.1305155e+00   2.7723727e-01
   3.4770877e+03   1.1222064e+00   2.6534909e-01
   3.4847941e+03   1.1136655e+00   2.5298909e-01
   3.4925103e+03   1.1070327e+00   2.4023273e-01
   3.5002240e+03   1.1011918e+00   2.2717909e-01
   3.5079349e+03   1.0962436e+00   2.1397091e-01
   3.5156552e+03   1.0931027e+00   2.0074727e-01
   3.5233599e+03   1.0899173e+00   1.8764818e-01
   3.5310859e+03   1.0890282e+00   1.7476727e-01
   3.5387958e+03   1.0881791e+00   1.6218182e-01
   3.5465017e+03   1.0882964e+00   1.4998636e-01
   3.5542160e+03   1.0894136e+00   1.3826182e-01
   3.5619385e+03   1.0915900e+00   1.2710182e-01
   3.5696438e+03   1.0936409e+00   1.1655000e-01
   3.5773696e+03   1.0970245e+00   1.0662455e-01
   3.5850775e+03   1.1001491e+00   9.7340909e-02
   3.5927929e+03   1.1039718e+00   8.8700000e-02
   3.6005026e+03   1.1077491e+00   8.0686364e-02
   3.6082195e+03   1.1118436e+00   7.3236364e-02
   3.6159303e+03   1.1157691e+00   6.6264545e-02
   3.6236479e+03   1.1198382e+00   5.9654545e-02
   3.6313590e+03   1.1237664e+00   5.3290909e-02
   3.6390764e+03   1.1279045e+00   4.7080909e-02
   3.6467868e+03   1.1321355e+00   4.1018182e-02
   3.6545033e+03   1.1367709e+00   3.5162727e-02
   3.6622122e+03   1.1416627e+00   2.9618182e-02
   3.6699268e+03   1.1469582e+00   2.4495455e-02
   3.6776469e+03   1.1525645e+00   1.9911818e-02
   3.6853588e+03   1.1583055e+00   1.5948182e-02
   3.6930759e+03   1.1641455e+00   1.2643636e-02
   3.7007842e+03   1.1698627e+00   9.9809091e-03
   3.7084973e+03   1.1754291e+00   7.9163636e-03
   3.7162150e+03   1.1807118e+00   6.3600000e-03
   3.7239232e+03   1.1856582e+00   5.2236364e-03
   3.7316496e+03   1.1902836e+00   4.4145455e-03
   3.7393522e+03   1.1945291e+00   3.8536364e-03
   3.7470726e+03   1.1984682e+00   3.4690909e-03
   3.7547827e+03   1.2020900e+00   3.2118182e-03
   3.7624962e+03   1.2054382e+00   3.0418182e-03
   3.7702130e+03   1.2085418e+00   2.9345455e-03
   3.7779331e+03   1.2114200e+00   2.8600000e-03
   3.7856418e+03   1.2140855e+00   2.8072727e-03
   3.7933533e+03   1.2165545e+00   2.7454545e-03
   3.8010673e+03   1.2188855e+00   2.6636364e-03
   3.8087838e+03   1.2210700e+00   2.5518182e-03
   3.8165026e+03   1.2231709e+00   2.4036364e-03
   3.8242088e+03   1.2251818e+00   2.2336364e-03
   3.8319315e+03   1.2271645e+00   2.0518182e-03
   3.8396412e+03   1.2290827e+00   1.8809091e-03
   3.8473524e+03   1.2309773e+00   1.7472727e-03
   3.8550650e+03   1.2327836e+00   1.6463636e-03
   3.8627787e+03   1.2345391e+00   1.5700000e-03
   3.8704933e+03   1.2362064e+00   1.5100000e-03
   3.8782087e+03   1.2378291e+00   1.4663636e-03
   3.8859248e+03   1.2393773e+00   1.4290909e-03
   3.8936413e+03   1.2408900e+00   1.4072727e-03
   3.9013581e+03   1.2423318e+00   1.4009091e-03
   3.9090596e+03   1.2437336e+00   1.4036364e-03
   3.9167763e+03   1.2450709e+00   1.4263636e-03
   3.9244928e+03   1.2463636e+00   1.4436364e-03
   3.9322087e+03   1.2476018e+00   1.4718182e-03
   3.9399240e+03   1.2488045e+00   1.5045455e-03
   3.9476385e+03   1.2499427e+00   1.5427273e-03
   3.9553520e+03   1.2510509e+00   1.5754545e-03
   3.9630642e+03   1.2521055e+00   1.6136364e-03
   3.9707751e+03   1.2531245e+00   1.6418182e-03
   3.9784844e+03   1.2541100e+00   1.6654545e-03
   3.9862077e+03   1.2550691e+00   1.6900000e-03
   3.9939133e+03   1.2559845e+00   1.7045455e-03
   4.0016327e+03   1.2568745e+00   1.7200000e-03
   4.0093498e+03   1.2577300e+00   1.7163636e-03
   4.0170645e+03   1.2585745e+00   1.7136364e-03
   4.0247765e+03   1.2593736e+00   1.7009091e-03
   4.0324857e+03   1.2601718e+00   1.6690909e-03
   4.0402081e+03   1.2609591e+00   1.6472727e-03
   4.0479111e+03   1.2617209e+00   1.6100000e-03
   4.0556270e+03   1.2624718e+00   1.5827273e-03
   4.0633393e+03   1.2632127e+00   1.5500000e-03
   4.0710645e+03   1.2639373e+00   1.5218182e-03
   4.0787692e+03   1.2646427e+00   1.4927273e-03
   4.0864864e+03   1.2653327e+00   1.4636364e-03
   4.0941993e+03   1.2660127e+00   1.4336364e-03
   4.1019078e+03   1.2666736e+00   1.3990909e-03
   4.1096285e+03   1.2673291e+00   1.3690909e-03
   4.1173443e+03   1.2679645e+00   1.3390909e-03
   4.1250552e+03   1.2685900e+00   1.3036364e-03
   4.1327779e+03   1.2692109e+00   1.2736364e-03
   4.1404781e+03   1.2698164e+00   1.2470909e-03
   4.1482071e+03   1.2704073e+00   1.2240000e-03
   4.1559132e+03   1.2709791e+00   1.1952727e-03
   4.1636307e+03   1.2715455e+00   1.1620000e-03
   4.1713421e+03   1.2721073e+00   1.1276364e-03
   4.1790471e+03   1.2726591e+00   1.0943636e-03
   4.1867631e+03   1.2732055e+00   1.0627273e-03
   4.1944901e+03   1.2737518e+00   1.0378182e-03
   4.2021927e+03   1.2742736e+00   1.0190909e-03
   4.2099059e+03   1.2747809e+00   9.9072727e-04
   4.2176297e+03   1.2753027e+00   9.6454545e-04
   4.2253462e+03   1.2758045e+00   9.4109091e-04
   4.2330551e+03   1.2763009e+00   9.2890909e-04
   4.2407742e+03   1.2767827e+00   9.1381818e-04
   4.2484854e+03   1.2772691e+00   9.0436364e-04
   4.2561885e+03   1.2777255e+00   8.9490909e-04
   4.2639014e+03   1.2781818e+00   8.8490909e-04
   4.2716240e+03   1.2786336e+00   8.7945455e-04
   4.2793381e+03   1.2790664e+00   8.7454545e-04
   4.2870433e+03   1.2794836e+00   8.6109091e-04
   4.2947578e+03   1.2799109e+00   8.5327273e-04
   4.3024817e+03   1.2803136e+00   8.3745455e-04
   4.3101962e+03   1.2807255e+00   8.2672727e-04
   4.3179011e+03   1.2811136e+00   8.1254545e-04
   4.3256150e+03   1.2815100e+00   7.8927273e-04
   4.3333377e+03   1.2819018e+00   7.7618182e-04
   4.3410503e+03   1.2822882e+00   7.5854545e-04
   4.3487715e+03   1.2826645e+00   7.4200000e-04
   4.3564822e+03   1.2830400e+00   7.2818182e-04
   4.3641823e+03   1.2834009e+00   7.1490909e-04
   4.3719096e+03   1.2837664e+00   7.0054545e-04
   4.3796260e+03   1.2841218e+00   6.9018182e-04
   4.3873311e+03   1.2844727e+00   6.7472727e-04
   4.3950441e+03   1.2848082e+00   6.5818182e-04
   4.4027649e+03   1.2851536e+00   6.4618182e-04
   4.4104740e+03   1.2854791e+00   6.2509091e-04
   4.4181906e+03   1.2858145e+00   6.0854545e-04
   4.4258950e+03   1.2861300e+00   5.8690909e-04
   4.4336264e+03   1.2864591e+00   5.6418182e-04
   4.4413256e+03   1.2867736e+00   5.4490909e-04
   4.4490517e+03   1.2870927e+00   5.1945455e-04
   4.4567649e+03   1.2874018e+00   4.9181818e-04
   4.4644651e+03   1.2877200e+00   4.6654545e-04
   4.4721919e+03   1.2880291e+00   4.4254545e-04
   4.4799054e+03   1.2883427e+00   4.1636364e-04
   4.4876052e+03   1.2886473e+00   3.9254545e-04
   4.4953316e+03   1.2889664e+00   3.6981818e-04
   4.5030441e+03   1.2892718e+00   3.5272727e-04
