   4.6000000e+02   1.6388920e+00   2.6600000e-01
   4.6100000e+02   1.6388660e+00   2.6641000e-01
   4.6200000e+02   1.6388400e+00   2.6672900e-01
   4.6300000e+02   1.6388120e+00   2.6710300e-01
   4.6400000e+02   1.6387930e+00   2.6744900e-01
   4.6500000e+02   1.6387810e+00   2.6807400e-01
   4.6600000e+02   1.6387550e+00   2.6831300e-01
   4.6700000e+02   1.6387340e+00   2.6853200e-01
   4.6800000e+02   1.6387000e+00   2.6915400e-01
   4.6900000e+02   1.6386490e+00   2.6942400e-01
   4.7000000e+02   1.6385830e+00   2.6996700e-01
   4.7100000e+02   1.6384990e+00   2.7018700e-01
   4.7200000e+02   1.6383980e+00   2.7049100e-01
   4.7300000e+02   1.6382780e+00   2.7088300e-01
   4.7400000e+02   1.6381370e+00   2.7136700e-01
   4.7500000e+02   1.6379760e+00   2.7194900e-01
   4.7600000e+02   1.6377930e+00   2.7263200e-01
   4.7700000e+02   1.6375890e+00   2.7342100e-01
   4.7800000e+02   1.6373620e+00   2.7431800e-01
   4.7900000e+02   1.6371120e+00   2.7532000e-01
   4.8000000e+02   1.6368390e+00   2.7642400e-01
   4.8100000e+02   1.6365450e+00   2.7762400e-01
   4.8200000e+02   1.6362280e+00   2.7891600e-01
   4.8300000e+02   1.6358880e+00   2.8029300e-01
   4.8400000e+02   1.6355280e+00   2.8175000e-01
   4.8500000e+02   1.6351450e+00   2.8328000e-01
   4.8600000e+02   1.6347420e+00   2.8487700e-01
   4.8700000e+02   1.6343180e+00   2.8653500e-01
   4.8800000e+02   1.6338730e+00   2.8825000e-01
   4.8900000e+02   1.6334090e+00   2.9001900e-01
   4.9000000e+02   1.6329250e+00   2.9183900e-01
   4.9100000e+02   1.6324220e+00   2.9370200e-01
   4.9200000e+02   1.6319010e+00   2.9560200e-01
   4.9300000e+02   1.6313620e+00   2.9753400e-01
   4.9400000e+02   1.6308050e+00   2.9949100e-01
   4.9500000e+02   1.6302320e+00   3.0146800e-01
   4.9600000e+02   1.6296420e+00   3.0345800e-01
   4.9700000e+02   1.6290340e+00   3.0545600e-01
   4.9800000e+02   1.6284080e+00   3.0745600e-01
   4.9900000e+02   1.6277660e+00   3.0945200e-01
   5.0000000e+02   1.6271060e+00   3.1144200e-01
   5.0100000e+02   1.6264280e+00   3.1342000e-01
   5.0200000e+02   1.6257330e+00   3.1538400e-01
   5.0300000e+02   1.6250200e+00   3.1732500e-01
   5.0400000e+02   1.6242910e+00   3.1923800e-01
   5.0500000e+02   1.6235440e+00   3.2111600e-01
   5.0600000e+02   1.6227820e+00   3.2295400e-01
   5.0700000e+02   1.6220040e+00   3.2474500e-01
   5.0800000e+02   1.6212100e+00   3.2648300e-01
   5.0900000e+02   1.6204010e+00   3.2816500e-01
   5.1000000e+02   1.6195770e+00   3.2978700e-01
   5.1100000e+02   1.6187380e+00   3.3134700e-01
   5.1200000e+02   1.6178850e+00   3.3284900e-01
   5.1300000e+02   1.6170180e+00   3.3429500e-01
   5.1400000e+02   1.6161380e+00   3.3568700e-01
   5.1500000e+02   1.6152460e+00   3.3702800e-01
   5.1600000e+02   1.6143410e+00   3.3832100e-01
   5.1700000e+02   1.6134250e+00   3.3957000e-01
   5.1800000e+02   1.6124990e+00   3.4077700e-01
   5.1900000e+02   1.6115620e+00   3.4194600e-01
   5.2000000e+02   1.6106150e+00   3.4308000e-01
   5.2100000e+02   1.6096580e+00   3.4418000e-01
   5.2200000e+02   1.6086920e+00   3.4525000e-01
   5.2300000e+02   1.6077160e+00   3.4629300e-01
   5.2400000e+02   1.6067310e+00   3.4731300e-01
   5.2500000e+02   1.6057380e+00   3.4831600e-01
   5.2600000e+02   1.6047370e+00   3.4930400e-01
   5.2700000e+02   1.6037280e+00   3.5027900e-01
   5.2800000e+02   1.6027120e+00   3.5124500e-01
   5.2900000e+02   1.6016910e+00   3.5220200e-01
   5.3000000e+02   1.6006650e+00   3.5315400e-01
   5.3100000e+02   1.5996350e+00   3.5410000e-01
   5.3200000e+02   1.5986020e+00   3.5504200e-01
   5.3300000e+02   1.5975650e+00   3.5598000e-01
   5.3400000e+02   1.5965270e+00   3.5691500e-01
   5.3500000e+02   1.5954880e+00   3.5785100e-01
   5.3600000e+02   1.5944470e+00   3.5879100e-01
   5.3700000e+02   1.5934070e+00   3.5973800e-01
   5.3800000e+02   1.5923670e+00   3.6069400e-01
   5.3900000e+02   1.5913280e+00   3.6166400e-01
   5.4000000e+02   1.5902910e+00   3.6264800e-01
   5.4100000e+02   1.5892570e+00   3.6364800e-01
   5.4200000e+02   1.5882250e+00   3.6466800e-01
   5.4300000e+02   1.5871960e+00   3.6570500e-01
   5.4400000e+02   1.5861690e+00   3.6676100e-01
   5.4500000e+02   1.5851450e+00   3.6783200e-01
   5.4600000e+02   1.5841220e+00   3.6891900e-01
   5.4700000e+02   1.5831000e+00   3.7001900e-01
   5.4800000e+02   1.5820780e+00   3.7113200e-01
   5.4900000e+02   1.5810570e+00   3.7225600e-01
   5.5000000e+02   1.5800350e+00   3.7339100e-01
   5.5100000e+02   1.5790120e+00   3.7453400e-01
   5.5200000e+02   1.5779880e+00   3.7568400e-01
   5.5300000e+02   1.5769620e+00   3.7683900e-01
   5.5400000e+02   1.5759340e+00   3.7799700e-01
   5.5500000e+02   1.5749040e+00   3.7915800e-01
   5.5600000e+02   1.5738720e+00   3.8031700e-01
   5.5700000e+02   1.5728350e+00   3.8147400e-01
   5.5800000e+02   1.5717950e+00   3.8262600e-01
   5.5900000e+02   1.5707500e+00   3.8377300e-01
   5.6000000e+02   1.5697000e+00   3.8491300e-01
   5.6100000e+02   1.5686450e+00   3.8604800e-01
   5.6200000e+02   1.5675830e+00   3.8717700e-01
   5.6300000e+02   1.5665150e+00   3.8830000e-01
   5.6400000e+02   1.5654400e+00   3.8941700e-01
   5.6500000e+02   1.5643580e+00   3.9052800e-01
   5.6600000e+02   1.5632680e+00   3.9163300e-01
   5.6700000e+02   1.5621700e+00   3.9273200e-01
   5.6800000e+02   1.5610630e+00   3.9382400e-01
   5.6900000e+02   1.5599470e+00   3.9490800e-01
   5.7000000e+02   1.5588200e+00   3.9598300e-01
   5.7100000e+02   1.5576820e+00   3.9704800e-01
   5.7200000e+02   1.5565340e+00   3.9810300e-01
   5.7300000e+02   1.5553730e+00   3.9914800e-01
   5.7400000e+02   1.5542000e+00   4.0018100e-01
   5.7500000e+02   1.5530150e+00   4.0120400e-01
   5.7600000e+02   1.5518180e+00   4.0221700e-01
   5.7700000e+02   1.5506080e+00   4.0322000e-01
   5.7800000e+02   1.5493870e+00   4.0421300e-01
   5.7900000e+02   1.5481540e+00   4.0519600e-01
   5.8000000e+02   1.5469100e+00   4.0617100e-01
   5.8100000e+02   1.5456530e+00   4.0713600e-01
   5.8200000e+02   1.5443860e+00   4.0809300e-01
   5.8300000e+02   1.5431080e+00   4.0904100e-01
   5.8400000e+02   1.5418190e+00   4.0998300e-01
   5.8500000e+02   1.5405190e+00   4.1091700e-01
   5.8600000e+02   1.5392080e+00   4.1184500e-01
   5.8700000e+02   1.5378870e+00   4.1276800e-01
   5.8800000e+02   1.5365560e+00   4.1368600e-01
   5.8900000e+02   1.5352160e+00   4.1460000e-01
   5.9000000e+02   1.5338650e+00   4.1551100e-01
   5.9100000e+02   1.5325050e+00   4.1641800e-01
   5.9200000e+02   1.5311370e+00   4.1732200e-01
   5.9300000e+02   1.5297590e+00   4.1822400e-01
   5.9400000e+02   1.5283710e+00   4.1912200e-01
   5.9500000e+02   1.5269740e+00   4.2001700e-01
   5.9600000e+02   1.5255670e+00   4.2090800e-01
   5.9700000e+02   1.5241510e+00   4.2179700e-01
   5.9800000e+02   1.5227260e+00   4.2268200e-01
   5.9900000e+02   1.5212920e+00   4.2356300e-01
   6.0000000e+02   1.5198480e+00   4.2444100e-01
   6.0100000e+02   1.5183940e+00   4.2531700e-01
   6.0200000e+02   1.5169320e+00   4.2618900e-01
   6.0300000e+02   1.5154620e+00   4.2705800e-01
   6.0400000e+02   1.5139820e+00   4.2792500e-01
   6.0500000e+02   1.5124940e+00   4.2878800e-01
   6.0600000e+02   1.5109970e+00   4.2964900e-01
   6.0700000e+02   1.5094920e+00   4.3050600e-01
   6.0800000e+02   1.5079770e+00   4.3135900e-01
   6.0900000e+02   1.5064540e+00   4.3220900e-01
   6.1000000e+02   1.5049230e+00   4.3305400e-01
   6.1100000e+02   1.5033820e+00   4.3389500e-01
   6.1200000e+02   1.5018320e+00   4.3473100e-01
   6.1300000e+02   1.5002730e+00   4.3556200e-01
   6.1400000e+02   1.4987050e+00   4.3638800e-01
   6.1500000e+02   1.4971270e+00   4.3720800e-01
   6.1600000e+02   1.4955400e+00   4.3802200e-01
   6.1700000e+02   1.4939440e+00   4.3882900e-01
   6.1800000e+02   1.4923370e+00   4.3962900e-01
   6.1900000e+02   1.4907210e+00   4.4042100e-01
   6.2000000e+02   1.4890940e+00   4.4120600e-01
   6.2100000e+02   1.4874580e+00   4.4198300e-01
   6.2200000e+02   1.4858110e+00   4.4275100e-01
   6.2300000e+02   1.4841550e+00   4.4350900e-01
   6.2400000e+02   1.4824880e+00   4.4425800e-01
   6.2500000e+02   1.4808100e+00   4.4499700e-01
   6.2600000e+02   1.4791230e+00   4.4572500e-01
   6.2700000e+02   1.4774250e+00   4.4644300e-01
   6.2800000e+02   1.4757170e+00   4.4715000e-01
   6.2900000e+02   1.4739990e+00   4.4784500e-01
   6.3000000e+02   1.4722710e+00   4.4852900e-01
   6.3100000e+02   1.4705330e+00   4.4920000e-01
   6.3200000e+02   1.4687850e+00   4.4985900e-01
   6.3300000e+02   1.4670270e+00   4.5050500e-01
   6.3400000e+02   1.4652590e+00   4.5113700e-01
   6.3500000e+02   1.4634810e+00   4.5175600e-01
   6.3600000e+02   1.4616930e+00   4.5236100e-01
   6.3700000e+02   1.4598950e+00   4.5295200e-01
   6.3800000e+02   1.4580870e+00   4.5352800e-01
   6.3900000e+02   1.4562700e+00   4.5409000e-01
   6.4000000e+02   1.4544430e+00   4.5463600e-01
   6.4100000e+02   1.4526070e+00   4.5516900e-01
   6.4200000e+02   1.4507610e+00   4.5568600e-01
   6.4300000e+02   1.4489070e+00   4.5618900e-01
   6.4400000e+02   1.4470430e+00   4.5667800e-01
   6.4500000e+02   1.4451700e+00   4.5715300e-01
   6.4600000e+02   1.4432880e+00   4.5761300e-01
   6.4700000e+02   1.4413980e+00   4.5805900e-01
   6.4800000e+02   1.4394990e+00   4.5849100e-01
   6.4900000e+02   1.4375910e+00   4.5890900e-01
   6.5000000e+02   1.4356760e+00   4.5931300e-01
   6.5100000e+02   1.4337530e+00   4.5970300e-01
   6.5200000e+02   1.4318210e+00   4.6008000e-01
   6.5300000e+02   1.4298820e+00   4.6044200e-01
   6.5400000e+02   1.4279350e+00   4.6079100e-01
   6.5500000e+02   1.4259810e+00   4.6112600e-01
   6.5600000e+02   1.4240200e+00   4.6144800e-01
   6.5700000e+02   1.4220510e+00   4.6175700e-01
   6.5800000e+02   1.4200760e+00   4.6205200e-01
   6.5900000e+02   1.4180940e+00   4.6233500e-01
   6.6000000e+02   1.4161060e+00   4.6260400e-01
   6.6100000e+02   1.4141120e+00   4.6286100e-01
   6.6200000e+02   1.4121110e+00   4.6310500e-01
   6.6300000e+02   1.4101040e+00   4.6333600e-01
   6.6400000e+02   1.4080920e+00   4.6355400e-01
   6.6500000e+02   1.4060740e+00   4.6376000e-01
   6.6600000e+02   1.4040500e+00   4.6395400e-01
   6.6700000e+02   1.4020220e+00   4.6413500e-01
   6.6800000e+02   1.3999890e+00   4.6430500e-01
   6.6900000e+02   1.3979500e+00   4.6446200e-01
   6.7000000e+02   1.3959070e+00   4.6460700e-01
   6.7100000e+02   1.3938600e+00   4.6474000e-01
   6.7200000e+02   1.3918080e+00   4.6486100e-01
   6.7300000e+02   1.3897520e+00   4.6496900e-01
   6.7400000e+02   1.3876920e+00   4.6506300e-01
   6.7500000e+02   1.3856280e+00   4.6514500e-01
   6.7600000e+02   1.3835600e+00   4.6521300e-01
   6.7700000e+02   1.3814870e+00   4.6526700e-01
   6.7800000e+02   1.3794120e+00   4.6530700e-01
   6.7900000e+02   1.3773330e+00   4.6533200e-01
   6.8000000e+02   1.3752510e+00   4.6534300e-01
   6.8100000e+02   1.3731650e+00   4.6533800e-01
   6.8200000e+02   1.3710760e+00   4.6531900e-01
   6.8300000e+02   1.3689850e+00   4.6528300e-01
   6.8400000e+02   1.3668900e+00   4.6523200e-01
   6.8500000e+02   1.3647930e+00   4.6516500e-01
   6.8600000e+02   1.3626930e+00   4.6508200e-01
   6.8700000e+02   1.3605910e+00   4.6498100e-01
   6.8800000e+02   1.3584870e+00   4.6486400e-01
   6.8900000e+02   1.3563810e+00   4.6472900e-01
   6.9000000e+02   1.3542720e+00   4.6457700e-01
   6.9100000e+02   1.3521620e+00   4.6440800e-01
   6.9200000e+02   1.3500500e+00   4.6422000e-01
   6.9300000e+02   1.3479360e+00   4.6401500e-01
   6.9400000e+02   1.3458210e+00   4.6379100e-01
   6.9500000e+02   1.3437050e+00   4.6354800e-01
   6.9600000e+02   1.3415880e+00   4.6328700e-01
   6.9700000e+02   1.3394700e+00   4.6300700e-01
   6.9800000e+02   1.3373500e+00   4.6270800e-01
   6.9900000e+02   1.3352300e+00   4.6238900e-01
   7.0000000e+02   1.3331100e+00   4.6205000e-01
   7.0100000e+02   1.3309890e+00   4.6169200e-01
   7.0200000e+02   1.3288680e+00   4.6131400e-01
   7.0300000e+02   1.3267470e+00   4.6091600e-01
   7.0400000e+02   1.3246270e+00   4.6049800e-01
   7.0500000e+02   1.3225070e+00   4.6006000e-01
   7.0600000e+02   1.3203870e+00   4.5960300e-01
   7.0700000e+02   1.3182690e+00   4.5912600e-01
   7.0800000e+02   1.3161520e+00   4.5863000e-01
   7.0900000e+02   1.3140360e+00   4.5811400e-01
   7.1000000e+02   1.3119220e+00   4.5758000e-01
   7.1100000e+02   1.3098100e+00   4.5702700e-01
   7.1200000e+02   1.3077000e+00   4.5645500e-01
   7.1300000e+02   1.3055930e+00   4.5586500e-01
   7.1400000e+02   1.3034880e+00   4.5525600e-01
   7.1500000e+02   1.3013870e+00   4.5462900e-01
   7.1600000e+02   1.2992890e+00   4.5398400e-01
   7.1700000e+02   1.2971940e+00   4.5332100e-01
   7.1800000e+02   1.2951030e+00   4.5264100e-01
   7.1900000e+02   1.2930150e+00   4.5194300e-01
   7.2000000e+02   1.2909320e+00   4.5122800e-01
   7.2100000e+02   1.2888540e+00   4.5049600e-01
   7.2200000e+02   1.2867800e+00   4.4974700e-01
   7.2300000e+02   1.2847110e+00   4.4898100e-01
   7.2400000e+02   1.2826470e+00   4.4819900e-01
   7.2500000e+02   1.2805890e+00   4.4740000e-01
   7.2600000e+02   1.2785360e+00   4.4658600e-01
   7.2700000e+02   1.2764880e+00   4.4575500e-01
   7.2800000e+02   1.2744470e+00   4.4490800e-01
   7.2900000e+02   1.2724120e+00   4.4404600e-01
   7.3000000e+02   1.2703830e+00   4.4316800e-01
   7.3100000e+02   1.2683600e+00   4.4227600e-01
   7.3200000e+02   1.2663450e+00   4.4136800e-01
   7.3300000e+02   1.2643360e+00   4.4044500e-01
   7.3400000e+02   1.2623350e+00   4.3950800e-01
   7.3500000e+02   1.2603410e+00   4.3855600e-01
   7.3600000e+02   1.2583550e+00   4.3758900e-01
   7.3700000e+02   1.2563760e+00   4.3660800e-01
   7.3800000e+02   1.2544060e+00   4.3561200e-01
   7.3900000e+02   1.2524430e+00   4.3460200e-01
   7.4000000e+02   1.2504890e+00   4.3357700e-01
   7.4100000e+02   1.2485430e+00   4.3253700e-01
   7.4200000e+02   1.2466050e+00   4.3148300e-01
   7.4300000e+02   1.2446760e+00   4.3041400e-01
   7.4400000e+02   1.2427560e+00   4.2933100e-01
   7.4500000e+02   1.2408450e+00   4.2823300e-01
   7.4600000e+02   1.2389430e+00   4.2712000e-01
   7.4700000e+02   1.2370500e+00   4.2599300e-01
   7.4800000e+02   1.2351670e+00   4.2485100e-01
   7.4900000e+02   1.2332920e+00   4.2369500e-01
   7.5000000e+02   1.2314270e+00   4.2252400e-01
   7.5100000e+02   1.2295720e+00   4.2133900e-01
   7.5200000e+02   1.2277270e+00   4.2013900e-01
   7.5300000e+02   1.2258910e+00   4.1892400e-01
   7.5400000e+02   1.2240660e+00   4.1769500e-01
   7.5500000e+02   1.2222510e+00   4.1645100e-01
   7.5600000e+02   1.2204460e+00   4.1519200e-01
   7.5700000e+02   1.2186510e+00   4.1391800e-01
   7.5800000e+02   1.2168670e+00   4.1263000e-01
   7.5900000e+02   1.2150940e+00   4.1132700e-01
   7.6000000e+02   1.2133320e+00   4.1000900e-01
   7.6100000e+02   1.2115810e+00   4.0867700e-01
   7.6200000e+02   1.2098400e+00   4.0733000e-01
   7.6300000e+02   1.2081110e+00   4.0596800e-01
   7.6400000e+02   1.2063920e+00   4.0459200e-01
   7.6500000e+02   1.2046860e+00   4.0320100e-01
   7.6600000e+02   1.2029910e+00   4.0179500e-01
   7.6700000e+02   1.2013070e+00   4.0037500e-01
   7.6800000e+02   1.1996350e+00   3.9894000e-01
   7.6900000e+02   1.1979750e+00   3.9749200e-01
   7.7000000e+02   1.1963270e+00   3.9602900e-01
   7.7100000e+02   1.1946900e+00   3.9455300e-01
   7.7200000e+02   1.1930660e+00   3.9306400e-01
   7.7300000e+02   1.1914530e+00   3.9156200e-01
   7.7400000e+02   1.1898530e+00   3.9004700e-01
   7.7500000e+02   1.1882650e+00   3.8851900e-01
   7.7600000e+02   1.1866890e+00   3.8697900e-01
   7.7700000e+02   1.1851250e+00   3.8542700e-01
   7.7800000e+02   1.1835740e+00   3.8386300e-01
   7.7900000e+02   1.1820350e+00   3.8228700e-01
   7.8000000e+02   1.1805090e+00   3.8069900e-01
   7.8100000e+02   1.1789950e+00   3.7910000e-01
   7.8200000e+02   1.1774930e+00   3.7748900e-01
   7.8300000e+02   1.1760050e+00   3.7586800e-01
   7.8400000e+02   1.1745290e+00   3.7423700e-01
   7.8500000e+02   1.1730660e+00   3.7259500e-01
   7.8600000e+02   1.1716170e+00   3.7094300e-01
   7.8700000e+02   1.1701800e+00   3.6928100e-01
   7.8800000e+02   1.1687570e+00   3.6761000e-01
   7.8900000e+02   1.1673470e+00   3.6592900e-01
   7.9000000e+02   1.1659500e+00   3.6423900e-01
   7.9100000e+02   1.1645680e+00   3.6254000e-01
   7.9200000e+02   1.1631980e+00   3.6083300e-01
   7.9300000e+02   1.1618420e+00   3.5911800e-01
   7.9400000e+02   1.1605010e+00   3.5739400e-01
   7.9500000e+02   1.1591730e+00   3.5566200e-01
   7.9600000e+02   1.1578590e+00   3.5392300e-01
   7.9700000e+02   1.1565590e+00   3.5217700e-01
   7.9800000e+02   1.1552730e+00   3.5042300e-01
   7.9900000e+02   1.1540020e+00   3.4866200e-01
   8.0000000e+02   1.1527450e+00   3.4689400e-01
   8.0100000e+02   1.1515020e+00   3.4511900e-01
   8.0200000e+02   1.1502740e+00   3.4333600e-01
   8.0300000e+02   1.1490600e+00   3.4154600e-01
   8.0400000e+02   1.1478600e+00   3.3974800e-01
   8.0500000e+02   1.1466760e+00   3.3794300e-01
   8.0600000e+02   1.1455050e+00   3.3612900e-01
   8.0700000e+02   1.1443490e+00   3.3430800e-01
   8.0800000e+02   1.1432080e+00   3.3247900e-01
   8.0900000e+02   1.1420820e+00   3.3064200e-01
   8.1000000e+02   1.1409710e+00   3.2879700e-01
   8.1100000e+02   1.1398740e+00   3.2694500e-01
   8.1200000e+02   1.1387940e+00   3.2508400e-01
   8.1300000e+02   1.1377280e+00   3.2321400e-01
   8.1400000e+02   1.1366770e+00   3.2133700e-01
   8.1500000e+02   1.1356420e+00   3.1945100e-01
   8.1600000e+02   1.1346230e+00   3.1755600e-01
   8.1700000e+02   1.1336190e+00   3.1565400e-01
   8.1800000e+02   1.1326300e+00   3.1374200e-01
   8.1900000e+02   1.1316570e+00   3.1182200e-01
   8.2000000e+02   1.1306990e+00   3.0989400e-01
   8.2100000e+02   1.1297570e+00   3.0795600e-01
   8.2200000e+02   1.1288320e+00   3.0601100e-01
   8.2300000e+02   1.1279210e+00   3.0405700e-01
   8.2400000e+02   1.1270270e+00   3.0209400e-01
   8.2500000e+02   1.1261490e+00   3.0012200e-01
   8.2600000e+02   1.1252870e+00   2.9814200e-01
   8.2700000e+02   1.1244400e+00   2.9615300e-01
   8.2800000e+02   1.1236100e+00   2.9415600e-01
   8.2900000e+02   1.1227960e+00   2.9214900e-01
   8.3000000e+02   1.1219990e+00   2.9013400e-01
   8.3100000e+02   1.1212180e+00   2.8811100e-01
   8.3200000e+02   1.1204530e+00   2.8607900e-01
   8.3300000e+02   1.1197060e+00   2.8404000e-01
   8.3400000e+02   1.1189760e+00   2.8199200e-01
   8.3500000e+02   1.1182640e+00   2.7993700e-01
   8.3600000e+02   1.1175690e+00   2.7787500e-01
   8.3700000e+02   1.1168920e+00   2.7580600e-01
   8.3800000e+02   1.1162330e+00   2.7373100e-01
   8.3900000e+02   1.1155930e+00   2.7164900e-01
   8.4000000e+02   1.1149710e+00   2.6956100e-01
   8.4100000e+02   1.1143680e+00   2.6746700e-01
   8.4200000e+02   1.1137850e+00   2.6536800e-01
   8.4300000e+02   1.1132200e+00   2.6326400e-01
   8.4400000e+02   1.1126750e+00   2.6115500e-01
   8.4500000e+02   1.1121500e+00   2.5904200e-01
   8.4600000e+02   1.1116450e+00   2.5692400e-01
   8.4700000e+02   1.1111600e+00   2.5480400e-01
   8.4800000e+02   1.1106950e+00   2.5267900e-01
   8.4900000e+02   1.1102520e+00   2.5055200e-01
   8.5000000e+02   1.1098290e+00   2.4842200e-01
   8.5100000e+02   1.1094260e+00   2.4629000e-01
   8.5200000e+02   1.1090450e+00   2.4415600e-01
   8.5300000e+02   1.1086840e+00   2.4202000e-01
   8.5400000e+02   1.1083450e+00   2.3988300e-01
   8.5500000e+02   1.1080270e+00   2.3774600e-01
   8.5600000e+02   1.1077310e+00   2.3560700e-01
   8.5700000e+02   1.1074570e+00   2.3346900e-01
   8.5800000e+02   1.1072040e+00   2.3133100e-01
   8.5900000e+02   1.1069730e+00   2.2919300e-01
   8.6000000e+02   1.1067650e+00   2.2705600e-01
   8.6100000e+02   1.1065780e+00   2.2492100e-01
   8.6200000e+02   1.1064140e+00   2.2278700e-01
   8.6300000e+02   1.1062730e+00   2.2065600e-01
   8.6400000e+02   1.1061530e+00   2.1852700e-01
   8.6500000e+02   1.1060560e+00   2.1640000e-01
   8.6600000e+02   1.1059820e+00   2.1427700e-01
   8.6700000e+02   1.1059310e+00   2.1215600e-01
   8.6800000e+02   1.1059020e+00   2.1003900e-01
   8.6900000e+02   1.1058960e+00   2.0792600e-01
   8.7000000e+02   1.1059120e+00   2.0581800e-01
   8.7100000e+02   1.1059520e+00   2.0371300e-01
   8.7200000e+02   1.1060140e+00   2.0161300e-01
   8.7300000e+02   1.1060980e+00   1.9951900e-01
   8.7400000e+02   1.1062050e+00   1.9743000e-01
   8.7500000e+02   1.1063350e+00   1.9534600e-01
   8.7600000e+02   1.1064870e+00   1.9326900e-01
   8.7700000e+02   1.1066610e+00   1.9119800e-01
   8.7800000e+02   1.1068580e+00   1.8913400e-01
   8.7900000e+02   1.1070770e+00   1.8707700e-01
   8.8000000e+02   1.1073180e+00   1.8502700e-01
   8.8100000e+02   1.1075810e+00   1.8298500e-01
   8.8200000e+02   1.1078660e+00   1.8095000e-01
   8.8300000e+02   1.1081740e+00   1.7892300e-01
   8.8400000e+02   1.1085030e+00   1.7690400e-01
   8.8500000e+02   1.1088540e+00   1.7489300e-01
   8.8600000e+02   1.1092270e+00   1.7289100e-01
   8.8700000e+02   1.1096210e+00   1.7089800e-01
   8.8800000e+02   1.1100370e+00   1.6891400e-01
   8.8900000e+02   1.1104740e+00   1.6694000e-01
   8.9000000e+02   1.1109320e+00   1.6497500e-01
   8.9100000e+02   1.1114120e+00   1.6302000e-01
   8.9200000e+02   1.1119120e+00   1.6107500e-01
   8.9300000e+02   1.1124340e+00   1.5914000e-01
   8.9400000e+02   1.1129760e+00   1.5721600e-01
   8.9500000e+02   1.1135380e+00   1.5530300e-01
   8.9600000e+02   1.1141200e+00   1.5340200e-01
   8.9700000e+02   1.1147220e+00   1.5151300e-01
   8.9800000e+02   1.1153430e+00   1.4963600e-01
   8.9900000e+02   1.1159830e+00   1.4777200e-01
   9.0000000e+02   1.1163436e+00   1.4582963e-01
   9.0100000e+02   1.1167308e+00   1.4390543e-01
   9.0200000e+02   1.1171464e+00   1.4200231e-01
   9.0300000e+02   1.1175881e+00   1.4011970e-01
   9.0400000e+02   1.1180555e+00   1.3825717e-01
   9.0500000e+02   1.1185489e+00   1.3641614e-01
   9.0600000e+02   1.1190650e+00   1.3459425e-01
   9.0700000e+02   1.1196053e+00   1.3279197e-01
   9.0800000e+02   1.1201674e+00   1.3100975e-01
   9.0900000e+02   1.1207331e+00   1.2925214e-01
   9.1000000e+02   1.1213059e+00   1.2751816e-01
   9.1100000e+02   1.1218938e+00   1.2580507e-01
   9.1200000e+02   1.1224957e+00   1.2411235e-01
   9.1300000e+02   1.1231111e+00   1.2243946e-01
   9.1400000e+02   1.1237378e+00   1.2078756e-01
   9.1500000e+02   1.1243764e+00   1.1915607e-01
   9.1600000e+02   1.1250265e+00   1.1754355e-01
   9.1700000e+02   1.1257221e+00   1.1596023e-01
   9.1800000e+02   1.1264321e+00   1.1439694e-01
   9.1900000e+02   1.1271549e+00   1.1285353e-01
   9.2000000e+02   1.1278909e+00   1.1132938e-01
   9.2100000e+02   1.1286381e+00   1.0982465e-01
   9.2200000e+02   1.1293956e+00   1.0833869e-01
   9.2300000e+02   1.1301645e+00   1.0687008e-01
   9.2400000e+02   1.1309381e+00   1.0542588e-01
   9.2500000e+02   1.1317050e+00   1.0401531e-01
   9.2600000e+02   1.1324787e+00   1.0262412e-01
   9.2700000e+02   1.1332590e+00   1.0125087e-01
   9.2800000e+02   1.1340455e+00   9.9894151e-02
   9.2900000e+02   1.1348374e+00   9.8554027e-02
   9.3000000e+02   1.1356344e+00   9.7229115e-02
   9.3100000e+02   1.1364350e+00   9.5918764e-02
   9.3200000e+02   1.1372771e+00   9.4645571e-02
   9.3300000e+02   1.1381571e+00   9.3409312e-02
   9.3400000e+02   1.1390443e+00   9.2187716e-02
   9.3500000e+02   1.1399387e+00   9.0979517e-02
   9.3600000e+02   1.1408387e+00   8.9785388e-02
   9.3700000e+02   1.1417450e+00   8.8603427e-02
   9.3800000e+02   1.1426569e+00   8.7433041e-02
   9.3900000e+02   1.1435735e+00   8.6274240e-02
   9.4000000e+02   1.1444681e+00   8.5182407e-02
   9.4100000e+02   1.1453598e+00   8.4115482e-02
   9.4200000e+02   1.1462546e+00   8.3060606e-02
   9.4300000e+02   1.1471516e+00   8.2017214e-02
   9.4400000e+02   1.1480505e+00   8.0984742e-02
   9.4500000e+02   1.1489512e+00   7.9961537e-02
   9.4600000e+02   1.1498536e+00   7.8948162e-02
   9.4700000e+02   1.1507631e+00   7.7951953e-02
   9.4800000e+02   1.1517191e+00   7.7041695e-02
   9.4900000e+02   1.1526780e+00   7.6142155e-02
   9.5000000e+02   1.1536398e+00   7.5252827e-02
   9.5100000e+02   1.1546047e+00   7.4373207e-02
   9.5200000e+02   1.1555721e+00   7.3502789e-02
   9.5300000e+02   1.1565422e+00   7.2640139e-02
   9.5400000e+02   1.1575147e+00   7.1785265e-02
   9.5500000e+02   1.1584576e+00   7.0973298e-02
   9.5600000e+02   1.1593509e+00   7.0224856e-02
   9.5700000e+02   1.1602439e+00   6.9485626e-02
   9.5800000e+02   1.1611365e+00   6.8754747e-02
   9.5900000e+02   1.1620282e+00   6.8032209e-02
   9.6000000e+02   1.1629198e+00   6.7316773e-02
   9.6100000e+02   1.1638109e+00   6.6608441e-02
   9.6200000e+02   1.1647025e+00   6.5906419e-02
   9.6300000e+02   1.1655985e+00   6.5267588e-02
   9.6400000e+02   1.1664974e+00   6.4663525e-02
   9.6500000e+02   1.1673968e+00   6.4066872e-02
   9.6600000e+02   1.1682972e+00   6.3477945e-02
   9.6700000e+02   1.1691983e+00   6.2895675e-02
   9.6800000e+02   1.1701004e+00   6.2319705e-02
   9.6900000e+02   1.1710040e+00   6.1749680e-02
   9.7000000e+02   1.1719089e+00   6.1185540e-02
   9.7100000e+02   1.1726929e+00   6.0688179e-02
   9.7200000e+02   1.1734707e+00   6.0199791e-02
   9.7300000e+02   1.1742466e+00   5.9717704e-02
   9.7400000e+02   1.1750215e+00   5.9241563e-02
   9.7500000e+02   1.1757947e+00   5.8770763e-02
   9.7600000e+02   1.1765671e+00   5.8304740e-02
   9.7700000e+02   1.1773386e+00   5.7843653e-02
   9.7800000e+02   1.1781080e+00   5.7396706e-02
   9.7900000e+02   1.1788739e+00   5.6984968e-02
   9.8000000e+02   1.1796392e+00   5.6577835e-02
   9.8100000e+02   1.1804042e+00   5.6175009e-02
   9.8200000e+02   1.1811690e+00   5.5775838e-02
   9.8300000e+02   1.1819337e+00   5.5380252e-02
   9.8400000e+02   1.1826984e+00   5.4987826e-02
   9.8500000e+02   1.1834636e+00   5.4598469e-02
   9.8600000e+02   1.1841681e+00   5.4226279e-02
   9.8700000e+02   1.1848180e+00   5.3869711e-02
   9.8800000e+02   1.1854661e+00   5.3515980e-02
   9.8900000e+02   1.1861127e+00   5.3164740e-02
   9.9000000e+02   1.1867578e+00   5.2815782e-02
   9.9100000e+02   1.1874016e+00   5.2468900e-02
   9.9200000e+02   1.1880443e+00   5.2123805e-02
   9.9300000e+02   1.1886859e+00   5.1780459e-02
   9.9400000e+02   1.1893469e+00   5.1460514e-02
   9.9500000e+02   1.1900120e+00   5.1147192e-02
   9.9600000e+02   1.1906771e+00   5.0835411e-02
   9.9700000e+02   1.1913423e+00   5.0525111e-02
   9.9800000e+02   1.1920078e+00   5.0215995e-02
   9.9900000e+02   1.1926737e+00   4.9907936e-02
   1.0000000e+03   1.1933403e+00   4.9600724e-02
   1.0008918e+03   1.1941000e+00   4.9325000e-02
   1.0086064e+03   1.1999800e+00   4.7216667e-02
   1.0163201e+03   1.2060500e+00   4.5426667e-02
   1.0240341e+03   1.2114467e+00   4.3970000e-02
   1.0317479e+03   1.2169033e+00   4.2828333e-02
   1.0394621e+03   1.2216067e+00   4.1916667e-02
   1.0471763e+03   1.2262833e+00   4.1135000e-02
   1.0548901e+03   1.2303100e+00   4.0380000e-02
   1.0626044e+03   1.2344467e+00   3.9656667e-02
   1.0703177e+03   1.2380767e+00   3.8963333e-02
   1.0780323e+03   1.2418667e+00   3.8291667e-02
   1.0857457e+03   1.2452667e+00   3.7683333e-02
   1.0934602e+03   1.2488117e+00   3.7148333e-02
   1.1011736e+03   1.2519933e+00   3.6693333e-02
   1.1088884e+03   1.2553017e+00   3.6320000e-02
   1.1166023e+03   1.2582667e+00   3.6028333e-02
   1.1243156e+03   1.2613133e+00   3.5828333e-02
   1.1320298e+03   1.2640317e+00   3.5691667e-02
   1.1397440e+03   1.2668233e+00   3.5625000e-02
   1.1474575e+03   1.2692733e+00   3.5603333e-02
   1.1551719e+03   1.2718050e+00   3.5633333e-02
   1.1628854e+03   1.2740150e+00   3.5688333e-02
   1.1705997e+03   1.2762933e+00   3.5756667e-02
   1.1783143e+03   1.2783133e+00   3.5846667e-02
   1.1860272e+03   1.2803683e+00   3.5940000e-02
   1.1937419e+03   1.2822100e+00   3.6048333e-02
   1.2014552e+03   1.2840800e+00   3.6158333e-02
   1.2091694e+03   1.2857467e+00   3.6253333e-02
   1.2168840e+03   1.2874933e+00   3.6346667e-02
   1.2245973e+03   1.2890267e+00   3.6433333e-02
   1.2323117e+03   1.2906650e+00   3.6513333e-02
   1.2400255e+03   1.2921350e+00   3.6605000e-02
   1.2477400e+03   1.2936950e+00   3.6723333e-02
   1.2554534e+03   1.2950617e+00   3.6848333e-02
   1.2631669e+03   1.2965217e+00   3.6996667e-02
   1.2708822e+03   1.2978167e+00   3.7176667e-02
   1.2785958e+03   1.2991533e+00   3.7371667e-02
   1.2863093e+03   1.3003083e+00   3.7585000e-02
   1.2940243e+03   1.3015083e+00   3.7786667e-02
   1.3017376e+03   1.3025183e+00   3.7970000e-02
   1.3094524e+03   1.3036033e+00   3.8116667e-02
   1.3171656e+03   1.3045483e+00   3.8231667e-02
   1.3248788e+03   1.3055650e+00   3.8313333e-02
   1.3325942e+03   1.3065133e+00   3.8370000e-02
   1.3403083e+03   1.3075483e+00   3.8421667e-02
   1.3480214e+03   1.3085000e+00   3.8473333e-02
   1.3557355e+03   1.3095583e+00   3.8536667e-02
   1.3634492e+03   1.3105350e+00   3.8628333e-02
   1.3711628e+03   1.3115933e+00   3.8756667e-02
   1.3788767e+03   1.3125617e+00   3.8938333e-02
   1.3865914e+03   1.3135617e+00   3.9148333e-02
   1.3943054e+03   1.3144367e+00   3.9368333e-02
   1.4020192e+03   1.3153633e+00   3.9566667e-02
   1.4097334e+03   1.3162283e+00   3.9756667e-02
   1.4174465e+03   1.3171867e+00   3.9963333e-02
   1.4251612e+03   1.3181133e+00   4.0213333e-02
   1.4328762e+03   1.3191100e+00   4.0540000e-02
   1.4405901e+03   1.3199900e+00   4.0948333e-02
   1.4483035e+03   1.3208717e+00   4.1403333e-02
   1.4560174e+03   1.3216150e+00   4.1886667e-02
   1.4637324e+03   1.3223767e+00   4.2361667e-02
   1.4714451e+03   1.3229933e+00   4.2818333e-02
   1.4791587e+03   1.3236367e+00   4.3231667e-02
   1.4868739e+03   1.3242200e+00   4.3590000e-02
   1.4945874e+03   1.3248450e+00   4.3866667e-02
   1.5023023e+03   1.3254917e+00   4.4040000e-02
   1.5100152e+03   1.3263217e+00   4.4095000e-02
   1.5177294e+03   1.3273667e+00   4.4095000e-02
   1.5254436e+03   1.3288150e+00   4.4160000e-02
   1.5331568e+03   1.3305400e+00   4.4455000e-02
   1.5408724e+03   1.3326667e+00   4.5096667e-02
   1.5485845e+03   1.3349517e+00   4.6265000e-02
   1.5562991e+03   1.3374067e+00   4.8051667e-02
   1.5640127e+03   1.3397500e+00   5.0521667e-02
   1.5717265e+03   1.3419683e+00   5.3686667e-02
   1.5794420e+03   1.3438800e+00   5.7635000e-02
   1.5871555e+03   1.3453033e+00   6.2480000e-02
   1.5948683e+03   1.3457950e+00   6.8256667e-02
   1.6025821e+03   1.3450083e+00   7.4765000e-02
   1.6102982e+03   1.3425783e+00   8.1618333e-02
   1.6180104e+03   1.3382883e+00   8.8310000e-02
   1.6257255e+03   1.3322217e+00   9.4338333e-02
   1.6334398e+03   1.3244800e+00   9.9148333e-02
   1.6411522e+03   1.3153133e+00   1.0222833e-01
   1.6488672e+03   1.3053917e+00   1.0318833e-01
   1.6565809e+03   1.2952200e+00   1.0177667e-01
   1.6642950e+03   1.2856633e+00   9.8130000e-02
   1.6720087e+03   1.2771217e+00   9.2558333e-02
   1.6797237e+03   1.2701283e+00   8.5463333e-02
   1.6874362e+03   1.2647617e+00   7.7300000e-02
   1.6951508e+03   1.2613367e+00   6.8553333e-02
   1.7028639e+03   1.2596917e+00   5.9715000e-02
   1.7105801e+03   1.2598650e+00   5.1270000e-02
   1.7182928e+03   1.2613483e+00   4.3623333e-02
   1.7260068e+03   1.2638650e+00   3.6976667e-02
   1.7337212e+03   1.2669467e+00   3.1323333e-02
   1.7414352e+03   1.2704117e+00   2.6556667e-02
   1.7491477e+03   1.2740533e+00   2.2611667e-02
   1.7568641e+03   1.2778450e+00   1.9440000e-02
   1.7645772e+03   1.2815167e+00   1.6991667e-02
   1.7722923e+03   1.2850250e+00   1.5158333e-02
   1.7800056e+03   1.2882200e+00   1.3765000e-02
   1.7877191e+03   1.2911650e+00   1.2693333e-02
   1.7954321e+03   1.2938233e+00   1.1825000e-02
   1.8031469e+03   1.2963233e+00   1.1110000e-02
   1.8108594e+03   1.2986133e+00   1.0528333e-02
   1.8185753e+03   1.3008067e+00   1.0060000e-02
   1.8262872e+03   1.3028000e+00   9.6916667e-03
   1.8340043e+03   1.3047067e+00   9.3900000e-03
   1.8417156e+03   1.3064367e+00   9.1433333e-03
   1.8494305e+03   1.3081017e+00   8.9283333e-03
   1.8571447e+03   1.3096450e+00   8.7266667e-03
   1.8648575e+03   1.3111383e+00   8.5283333e-03
   1.8725715e+03   1.3125733e+00   8.3483333e-03
   1.8802859e+03   1.3139800e+00   8.1866667e-03
   1.8880001e+03   1.3153300e+00   8.0416667e-03
   1.8957130e+03   1.3166633e+00   7.9216667e-03
   1.9034277e+03   1.3179450e+00   7.8283333e-03
   1.9111433e+03   1.3192217e+00   7.7433333e-03
   1.9188554e+03   1.3204417e+00   7.6800000e-03
   1.9265707e+03   1.3216983e+00   7.6283333e-03
   1.9342846e+03   1.3229150e+00   7.6250000e-03
   1.9420002e+03   1.3241417e+00   7.6600000e-03
   1.9497130e+03   1.3253200e+00   7.7433333e-03
   1.9574260e+03   1.3264883e+00   7.8750000e-03
   1.9651423e+03   1.3276017e+00   8.0466667e-03
   1.9728535e+03   1.3286950e+00   8.2333333e-03
   1.9805667e+03   1.3297450e+00   8.4600000e-03
   1.9882811e+03   1.3307683e+00   8.7083333e-03
   1.9959960e+03   1.3317650e+00   8.9866667e-03
   2.0037109e+03   1.3327433e+00   9.3033333e-03
   2.0114249e+03   1.3336683e+00   9.6483333e-03
   2.0191374e+03   1.3345750e+00   1.0031667e-02
   2.0268517e+03   1.3354317e+00   1.0445000e-02
   2.0345673e+03   1.3362683e+00   1.0898333e-02
   2.0422793e+03   1.3370233e+00   1.1396667e-02
   2.0499953e+03   1.3377550e+00   1.1918333e-02
   2.0577063e+03   1.3383733e+00   1.2468333e-02
   2.0654244e+03   1.3389750e+00   1.3030000e-02
   2.0731361e+03   1.3394633e+00   1.3603333e-02
   2.0808493e+03   1.3399217e+00   1.4176667e-02
   2.0885634e+03   1.3402800e+00   1.4758333e-02
   2.0962778e+03   1.3405950e+00   1.5330000e-02
   2.1039919e+03   1.3408183e+00   1.5906667e-02
   2.1117050e+03   1.3409483e+00   1.6455000e-02
   2.1194209e+03   1.3409950e+00   1.6961667e-02
   2.1271346e+03   1.3409550e+00   1.7408333e-02
   2.1348499e+03   1.3408517e+00   1.7783333e-02
   2.1425618e+03   1.3406850e+00   1.8076667e-02
   2.1502740e+03   1.3404567e+00   1.8280000e-02
   2.1579908e+03   1.3402367e+00   1.8366667e-02
   2.1657022e+03   1.3399783e+00   1.8355000e-02
   2.1734169e+03   1.3397483e+00   1.8243333e-02
   2.1811345e+03   1.3395633e+00   1.8026667e-02
   2.1888448e+03   1.3394083e+00   1.7730000e-02
   2.1965615e+03   1.3393450e+00   1.7373333e-02
   2.2042745e+03   1.3393267e+00   1.6963333e-02
   2.2119881e+03   1.3393733e+00   1.6521667e-02
   2.2197016e+03   1.3395050e+00   1.6058333e-02
   2.2274146e+03   1.3396750e+00   1.5576667e-02
   2.2351314e+03   1.3399467e+00   1.5101667e-02
   2.2428464e+03   1.3402400e+00   1.4646667e-02
   2.2505593e+03   1.3405783e+00   1.4203333e-02
   2.2582743e+03   1.3409533e+00   1.3791667e-02
   2.2659860e+03   1.3413333e+00   1.3393333e-02
   2.2736988e+03   1.3417083e+00   1.2988333e-02
   2.2814122e+03   1.3421300e+00   1.2568333e-02
   2.2891257e+03   1.3425633e+00   1.2153333e-02
   2.2968441e+03   1.3430567e+00   1.1735000e-02
   2.3045563e+03   1.3435533e+00   1.1328333e-02
   2.3122724e+03   1.3441083e+00   1.0935000e-02
   2.3199864e+03   1.3446583e+00   1.0566667e-02
   2.3276980e+03   1.3452500e+00   1.0201667e-02
   2.3354118e+03   1.3458500e+00   9.8616667e-03
   2.3431276e+03   1.3464783e+00   9.5350000e-03
   2.3508392e+03   1.3471117e+00   9.2250000e-03
   2.3585518e+03   1.3477650e+00   8.9366667e-03
   2.3662702e+03   1.3484333e+00   8.6716667e-03
   2.3739830e+03   1.3491100e+00   8.4150000e-03
   2.3816952e+03   1.3497817e+00   8.1866667e-03
   2.3894120e+03   1.3504783e+00   7.9683333e-03
   2.3971215e+03   1.3511400e+00   7.7766667e-03
   2.4048405e+03   1.3518383e+00   7.5866667e-03
   2.4125511e+03   1.3525017e+00   7.4166667e-03
   2.4202644e+03   1.3531600e+00   7.2466667e-03
   2.4279800e+03   1.3538233e+00   7.0666667e-03
   2.4356917e+03   1.3544800e+00   6.8866667e-03
   2.4434106e+03   1.3551367e+00   6.6950000e-03
   2.4511246e+03   1.3558150e+00   6.4883333e-03
   2.4588330e+03   1.3564900e+00   6.2783333e-03
   2.4665475e+03   1.3572000e+00   6.0616667e-03
   2.4742615e+03   1.3579133e+00   5.8450000e-03
   2.4819747e+03   1.3586517e+00   5.6183333e-03
   2.4896927e+03   1.3594133e+00   5.4016667e-03
   2.4974027e+03   1.3601733e+00   5.1750000e-03
   2.5051167e+03   1.3609750e+00   4.9500000e-03
   2.5128343e+03   1.3617933e+00   4.7350000e-03
   2.5205488e+03   1.3626250e+00   4.5116667e-03
   2.5282596e+03   1.3634983e+00   4.2966667e-03
   2.5359728e+03   1.3643783e+00   4.0916667e-03
   2.5436878e+03   1.3652933e+00   3.8883333e-03
   2.5514044e+03   1.3662383e+00   3.7016667e-03
   2.5591156e+03   1.3671917e+00   3.5250000e-03
   2.5668339e+03   1.3681783e+00   3.3583333e-03
   2.5745460e+03   1.3691817e+00   3.2016667e-03
   2.5822578e+03   1.3702067e+00   3.0650000e-03
   2.5899758e+03   1.3712583e+00   2.9366667e-03
   2.5976860e+03   1.3723233e+00   2.8283333e-03
   2.6054015e+03   1.3734150e+00   2.7383333e-03
   2.6131152e+03   1.3745200e+00   2.6666667e-03
   2.6208267e+03   1.3756350e+00   2.5966667e-03
   2.6285423e+03   1.3767750e+00   2.5466667e-03
   2.6362548e+03   1.3779283e+00   2.5066667e-03
   2.6439708e+03   1.3791083e+00   2.4700000e-03
   2.6516829e+03   1.3803017e+00   2.4533333e-03
   2.6593976e+03   1.3815267e+00   2.4366667e-03
   2.6671147e+03   1.3827783e+00   2.4466667e-03
   2.6748267e+03   1.3840350e+00   2.4600000e-03
   2.6825401e+03   1.3853350e+00   2.4900000e-03
   2.6902548e+03   1.3866417e+00   2.5300000e-03
   2.6979703e+03   1.3879833e+00   2.5800000e-03
   2.7056863e+03   1.3893417e+00   2.6400000e-03
   2.7133949e+03   1.3907417e+00   2.7016667e-03
   2.7211107e+03   1.3921783e+00   2.7883333e-03
   2.7288257e+03   1.3936350e+00   2.8783333e-03
   2.7365397e+03   1.3951317e+00   2.9783333e-03
   2.7442522e+03   1.3966700e+00   3.0900000e-03
   2.7519704e+03   1.3982567e+00   3.2050000e-03
   2.7596789e+03   1.3998917e+00   3.3383333e-03
   2.7673924e+03   1.4015783e+00   3.4866667e-03
   2.7751106e+03   1.4033367e+00   3.6633333e-03
   2.7828255e+03   1.4051483e+00   3.8683333e-03
   2.7905367e+03   1.4070167e+00   4.1200000e-03
   2.7982517e+03   1.4089317e+00   4.4016667e-03
   2.8059621e+03   1.4109117e+00   4.7233333e-03
   2.8136756e+03   1.4129467e+00   5.0866667e-03
   2.8213918e+03   1.4150383e+00   5.4916667e-03
   2.8291104e+03   1.4171950e+00   5.9400000e-03
   2.8368231e+03   1.4194233e+00   6.4300000e-03
   2.8445375e+03   1.4217317e+00   6.9883333e-03
   2.8522451e+03   1.4240767e+00   7.6066667e-03
   2.8599620e+03   1.4265133e+00   8.2933333e-03
   2.8676795e+03   1.4290200e+00   9.0500000e-03
   2.8753893e+03   1.4315600e+00   9.8616667e-03
   2.8831073e+03   1.4342233e+00   1.0743333e-02
   2.8908167e+03   1.4369383e+00   1.1708333e-02
   2.8985339e+03   1.4397767e+00   1.2766667e-02
   2.9062502e+03   1.4426900e+00   1.3925000e-02
   2.9139652e+03   1.4457133e+00   1.5210000e-02
   2.9216786e+03   1.4487900e+00   1.6630000e-02
   2.9293900e+03   1.4519417e+00   1.8175000e-02
   2.9370991e+03   1.4551483e+00   1.9841667e-02
   2.9448142e+03   1.4584600e+00   2.1638333e-02
   2.9525350e+03   1.4619067e+00   2.3576667e-02
   2.9602439e+03   1.4653917e+00   2.5676667e-02
   2.9679579e+03   1.4690083e+00   2.7958333e-02
   2.9756768e+03   1.4728017e+00   3.0458333e-02
   2.9833826e+03   1.4765517e+00   3.3203333e-02
   2.9911015e+03   1.4805167e+00   3.6220000e-02
   2.9988155e+03   1.4844450e+00   3.9505000e-02
   3.0065332e+03   1.4884900e+00   4.3061667e-02
   3.0142453e+03   1.4925033e+00   4.6893333e-02
   3.0219606e+03   1.4966867e+00   5.1038333e-02
   3.0296696e+03   1.5008367e+00   5.5558333e-02
   3.0373810e+03   1.5050817e+00   6.0516667e-02
   3.0450948e+03   1.5093233e+00   6.5998333e-02
   3.0528106e+03   1.5134417e+00   7.2038333e-02
   3.0605281e+03   1.5174183e+00   7.8633333e-02
   3.0682376e+03   1.5208467e+00   8.5736667e-02
   3.0759577e+03   1.5242083e+00   9.3285000e-02
   3.0836692e+03   1.5269200e+00   1.0123167e-01
   3.0913812e+03   1.5292917e+00   1.0955667e-01
   3.0990935e+03   1.5310933e+00   1.1825833e-01
   3.1068154e+03   1.5326500e+00   1.2725167e-01
   3.1145274e+03   1.5332717e+00   1.3635667e-01
   3.1222388e+03   1.5335967e+00   1.4546333e-01
   3.1299492e+03   1.5335233e+00   1.5471333e-01
   3.1376683e+03   1.5336350e+00   1.6436500e-01
   3.1453761e+03   1.5325433e+00   1.7451667e-01
   3.1530921e+03   1.5310483e+00   1.8496833e-01
   3.1608060e+03   1.5285333e+00   1.9545167e-01
   3.1685176e+03   1.5250617e+00   2.0582000e-01
   3.1762367e+03   1.5212850e+00   2.1603333e-01
   3.1839529e+03   1.5166383e+00   2.2606667e-01
   3.1916659e+03   1.5112400e+00   2.3584167e-01
   3.1993755e+03   1.5048917e+00   2.4523833e-01
   3.2070915e+03   1.4984183e+00   2.5414333e-01
   3.2148035e+03   1.4909633e+00   2.6241333e-01
   3.2225216e+03   1.4837800e+00   2.7000667e-01
   3.2302350e+03   1.4762183e+00   2.7700667e-01
   3.2379435e+03   1.4685183e+00   2.8362000e-01
   3.2456573e+03   1.4611517e+00   2.9005500e-01
   3.2533762e+03   1.4541433e+00   2.9648833e-01
   3.2610893e+03   1.4464033e+00   3.0299500e-01
   3.2688071e+03   1.4389817e+00   3.0960500e-01
   3.2765185e+03   1.4304517e+00   3.1628167e-01
   3.2842340e+03   1.4220750e+00   3.2291167e-01
   3.2919426e+03   1.4121400e+00   3.2939333e-01
   3.2996657e+03   1.4033767e+00   3.3564833e-01
   3.3073705e+03   1.3921033e+00   3.4170000e-01
   3.3150893e+03   1.3820167e+00   3.4762000e-01
   3.3228001e+03   1.3701033e+00   3.5340167e-01
   3.3305135e+03   1.3576883e+00   3.5887000e-01
   3.3382294e+03   1.3442433e+00   3.6369167e-01
   3.3459476e+03   1.3303400e+00   3.6755833e-01
   3.3536565e+03   1.3150117e+00   3.7034833e-01
   3.3613671e+03   1.2992883e+00   3.7209167e-01
   3.3690906e+03   1.2843267e+00   3.7276667e-01
   3.3768041e+03   1.2678650e+00   3.7221000e-01
   3.3845185e+03   1.2515550e+00   3.7024333e-01
   3.3922338e+03   1.2357150e+00   3.6683333e-01
   3.3999381e+03   1.2191617e+00   3.6218833e-01
   3.4076543e+03   1.2042250e+00   3.5648167e-01
   3.4153705e+03   1.1893783e+00   3.4980667e-01
   3.4230867e+03   1.1749217e+00   3.4209833e-01
   3.4308024e+03   1.1609850e+00   3.3332000e-01
   3.4385176e+03   1.1476600e+00   3.2346167e-01
   3.4462319e+03   1.1351667e+00   3.1257667e-01
   3.4539451e+03   1.1235767e+00   3.0077667e-01
   3.4616570e+03   1.1130700e+00   2.8818500e-01
   3.4693672e+03   1.1033700e+00   2.7491833e-01
   3.4770877e+03   1.0957783e+00   2.6110667e-01
   3.4847941e+03   1.0882450e+00   2.4689667e-01
   3.4925103e+03   1.0828350e+00   2.3242667e-01
   3.5002240e+03   1.0784267e+00   2.1786167e-01
   3.5079349e+03   1.0750467e+00   2.0335500e-01
   3.5156552e+03   1.0735550e+00   1.8906167e-01
   3.5233599e+03   1.0721150e+00   1.7509667e-01
   3.5310859e+03   1.0729683e+00   1.6157333e-01
   3.5387958e+03   1.0739200e+00   1.4859167e-01
   3.5465017e+03   1.0758017e+00   1.3622500e-01
   3.5542160e+03   1.0785833e+00   1.2455500e-01
   3.5619385e+03   1.0822817e+00   1.1362000e-01
   3.5696438e+03   1.0858000e+00   1.0343333e-01
   3.5773696e+03   1.0904367e+00   9.4003333e-02
   3.5850775e+03   1.0947150e+00   8.5291667e-02
   3.5927929e+03   1.0995233e+00   7.7258333e-02
   3.6005026e+03   1.1041900e+00   6.9858333e-02
   3.6082195e+03   1.1090800e+00   6.3008333e-02
   3.6159303e+03   1.1137933e+00   5.6660000e-02
   3.6236479e+03   1.1185950e+00   5.0725000e-02
   3.6313590e+03   1.1232217e+00   4.5133333e-02
   3.6390764e+03   1.1279083e+00   3.9806667e-02
   3.6467868e+03   1.1325317e+00   3.4658333e-02
   3.6545033e+03   1.1373883e+00   2.9715000e-02
   3.6622122e+03   1.1423650e+00   2.5025000e-02
   3.6699268e+03   1.1476150e+00   2.0708333e-02
   3.6776469e+03   1.1530517e+00   1.6830000e-02
   3.6853588e+03   1.1585600e+00   1.3463333e-02
   3.6930759e+03   1.1641083e+00   1.0638333e-02
   3.7007842e+03   1.1695400e+00   8.3483333e-03
   3.7084973e+03   1.1748200e+00   6.5550000e-03
   3.7162150e+03   1.1798633e+00   5.2016667e-03
   3.7239232e+03   1.1845983e+00   4.2183333e-03
   3.7316496e+03   1.1890450e+00   3.5433333e-03
   3.7393522e+03   1.1931367e+00   3.0816667e-03
   3.7470726e+03   1.1969500e+00   2.8016667e-03
   3.7547827e+03   1.2004483e+00   2.6300000e-03
   3.7624962e+03   1.2036867e+00   2.5433333e-03
   3.7702130e+03   1.2066683e+00   2.4966667e-03
   3.7779331e+03   1.2094450e+00   2.4683333e-03
   3.7856418e+03   1.2120150e+00   2.4383333e-03
   3.7933533e+03   1.2144250e+00   2.4000000e-03
   3.8010673e+03   1.2166900e+00   2.3333333e-03
   3.8087838e+03   1.2188367e+00   2.2450000e-03
   3.8165026e+03   1.2208883e+00   2.1233333e-03
   3.8242088e+03   1.2228667e+00   1.9866667e-03
   3.8319315e+03   1.2247850e+00   1.8450000e-03
   3.8396412e+03   1.2266350e+00   1.6900000e-03
   3.8473524e+03   1.2284500e+00   1.5366667e-03
   3.8550650e+03   1.2302117e+00   1.4016667e-03
   3.8627787e+03   1.2319300e+00   1.2783333e-03
   3.8704933e+03   1.2336117e+00   1.1766667e-03
   3.8782087e+03   1.2352367e+00   1.1050000e-03
   3.8859248e+03   1.2368250e+00   1.0533333e-03
   3.8936413e+03   1.2383483e+00   1.0300000e-03
   3.9013581e+03   1.2398167e+00   1.0266667e-03
   3.9090596e+03   1.2412283e+00   1.0400000e-03
   3.9167763e+03   1.2425800e+00   1.0733333e-03
   3.9244928e+03   1.2438750e+00   1.1050000e-03
   3.9322087e+03   1.2451200e+00   1.1400000e-03
   3.9399240e+03   1.2463250e+00   1.1833333e-03
   3.9476385e+03   1.2474700e+00   1.2283333e-03
   3.9553520e+03   1.2485767e+00   1.2716667e-03
   3.9630642e+03   1.2496267e+00   1.3083333e-03
   3.9707751e+03   1.2506450e+00   1.3266667e-03
   3.9784844e+03   1.2516350e+00   1.3450000e-03
   3.9862077e+03   1.2526017e+00   1.3566667e-03
   3.9939133e+03   1.2535300e+00   1.3583333e-03
   4.0016327e+03   1.2544450e+00   1.3616667e-03
   4.0093498e+03   1.2553300e+00   1.3633333e-03
   4.0170645e+03   1.2561950e+00   1.3583333e-03
   4.0247765e+03   1.2570267e+00   1.3600000e-03
   4.0324857e+03   1.2578400e+00   1.3433333e-03
   4.0402081e+03   1.2586417e+00   1.3366667e-03
   4.0479111e+03   1.2594050e+00   1.3183333e-03
   4.0556270e+03   1.2601650e+00   1.3016667e-03
   4.0633393e+03   1.2609067e+00   1.2750000e-03
   4.0710645e+03   1.2616433e+00   1.2566667e-03
   4.0787692e+03   1.2623367e+00   1.2283333e-03
   4.0864864e+03   1.2630433e+00   1.2000000e-03
   4.0941993e+03   1.2637233e+00   1.1700000e-03
   4.1019078e+03   1.2643933e+00   1.1400000e-03
   4.1096285e+03   1.2650450e+00   1.1100000e-03
   4.1173443e+03   1.2656933e+00   1.0716667e-03
   4.1250552e+03   1.2663233e+00   1.0400000e-03
   4.1327779e+03   1.2669450e+00   1.0183333e-03
   4.1404781e+03   1.2675383e+00   9.8133333e-04
   4.1482071e+03   1.2681300e+00   9.3983333e-04
   4.1559132e+03   1.2687117e+00   8.9050000e-04
   4.1636307e+03   1.2692917e+00   8.3533333e-04
   4.1713421e+03   1.2698633e+00   7.7733333e-04
   4.1790471e+03   1.2704500e+00   7.2216667e-04
   4.1867631e+03   1.2710267e+00   6.7333333e-04
   4.1944901e+03   1.2716117e+00   6.3600000e-04
   4.2021927e+03   1.2721767e+00   6.1250000e-04
   4.2099059e+03   1.2727400e+00   6.0300000e-04
   4.2176297e+03   1.2732800e+00   6.0500000e-04
   4.2253462e+03   1.2738000e+00   6.1283333e-04
   4.2330551e+03   1.2743017e+00   6.1633333e-04
   4.2407742e+03   1.2747850e+00   6.0950000e-04
   4.2484854e+03   1.2752600e+00   5.9133333e-04
   4.2561885e+03   1.2757300e+00   5.6650000e-04
   4.2639014e+03   1.2762083e+00   5.4316667e-04
   4.2716240e+03   1.2766950e+00   5.2983333e-04
   4.2793381e+03   1.2771717e+00   5.2750000e-04
   4.2870433e+03   1.2776283e+00   5.3366667e-04
   4.2947578e+03   1.2780700e+00   5.4350000e-04
   4.3024817e+03   1.2785000e+00   5.5200000e-04
   4.3101962e+03   1.2789217e+00   5.5566667e-04
   4.3179011e+03   1.2793333e+00   5.5633333e-04
   4.3256150e+03   1.2797350e+00   5.5366667e-04
   4.3333377e+03   1.2801450e+00   5.4966667e-04
   4.3410503e+03   1.2805367e+00   5.4733333e-04
   4.3487715e+03   1.2809350e+00   5.4783333e-04
   4.3564822e+03   1.2813233e+00   5.4583333e-04
   4.3641823e+03   1.2817100e+00   5.5233333e-04
   4.3719096e+03   1.2820800e+00   5.6433333e-04
   4.3796260e+03   1.2824483e+00   5.8033333e-04
   4.3873311e+03   1.2827917e+00   5.9366667e-04
   4.3950441e+03   1.2831317e+00   6.0166667e-04
   4.4027649e+03   1.2834567e+00   6.0133333e-04
   4.4104740e+03   1.2837867e+00   5.9433333e-04
   4.4181906e+03   1.2841100e+00   5.8400000e-04
   4.4258950e+03   1.2844383e+00   5.7183333e-04
   4.4336264e+03   1.2847583e+00   5.6100000e-04
   4.4413256e+03   1.2850767e+00   5.5233333e-04
   4.4490517e+03   1.2853950e+00   5.4400000e-04
   4.4567649e+03   1.2856950e+00   5.3666667e-04
   4.4644651e+03   1.2859950e+00   5.2533333e-04
   4.4721919e+03   1.2862950e+00   5.0966667e-04
   4.4799054e+03   1.2865867e+00   4.8666667e-04
   4.4876052e+03   1.2868700e+00   4.5716667e-04
   4.4953316e+03   1.2871717e+00   4.2383333e-04
   4.5030441e+03   1.2874650e+00   3.8916667e-04
