   4.6000000e+02   1.5821090e+00   3.3806900e-01
   4.6100000e+02   1.5820760e+00   3.3830900e-01
   4.6200000e+02   1.5818290e+00   3.3876900e-01
   4.6300000e+02   1.5817660e+00   3.3905200e-01
   4.6400000e+02   1.5815820e+00   3.3936400e-01
   4.6500000e+02   1.5813720e+00   3.3950900e-01
   4.6600000e+02   1.5811320e+00   3.4019300e-01
   4.6700000e+02   1.5809590e+00   3.4052000e-01
   4.6800000e+02   1.5808510e+00   3.4109200e-01
   4.6900000e+02   1.5807040e+00   3.4111200e-01
   4.7000000e+02   1.5806160e+00   3.4158600e-01
   4.7100000e+02   1.5806810e+00   3.4161500e-01
   4.7200000e+02   1.5806980e+00   3.4170600e-01
   4.7300000e+02   1.5806620e+00   3.4186200e-01
   4.7400000e+02   1.5805700e+00   3.4208400e-01
   4.7500000e+02   1.5804190e+00   3.4237800e-01
   4.7600000e+02   1.5802060e+00   3.4274600e-01
   4.7700000e+02   1.5799280e+00   3.4319200e-01
   4.7800000e+02   1.5795830e+00   3.4371700e-01
   4.7900000e+02   1.5791720e+00   3.4431900e-01
   4.8000000e+02   1.5786970e+00   3.4499700e-01
   4.8100000e+02   1.5781620e+00   3.4574600e-01
   4.8200000e+02   1.5775690e+00   3.4656400e-01
   4.8300000e+02   1.5769210e+00   3.4744400e-01
   4.8400000e+02   1.5762220e+00   3.4838500e-01
   4.8500000e+02   1.5754760e+00   3.4937900e-01
   4.8600000e+02   1.5746860e+00   3.5042300e-01
   4.8700000e+02   1.5738550e+00   3.5151400e-01
   4.8800000e+02   1.5729860e+00   3.5264700e-01
   4.8900000e+02   1.5720800e+00   3.5382200e-01
   4.9000000e+02   1.5711400e+00   3.5503600e-01
   4.9100000e+02   1.5701680e+00   3.5628300e-01
   4.9200000e+02   1.5691700e+00   3.5756000e-01
   4.9300000e+02   1.5681480e+00   3.5886200e-01
   4.9400000e+02   1.5671050e+00   3.6018600e-01
   4.9500000e+02   1.5660460e+00   3.6152600e-01
   4.9600000e+02   1.5649730e+00   3.6287900e-01
   4.9700000e+02   1.5638900e+00   3.6423800e-01
   4.9800000e+02   1.5628010e+00   3.6559900e-01
   4.9900000e+02   1.5617070e+00   3.6695900e-01
   5.0000000e+02   1.5606110e+00   3.6831500e-01
   5.0100000e+02   1.5595160e+00   3.6966200e-01
   5.0200000e+02   1.5584230e+00   3.7099900e-01
   5.0300000e+02   1.5573360e+00   3.7231900e-01
   5.0400000e+02   1.5562590e+00   3.7361800e-01
   5.0500000e+02   1.5551960e+00   3.7489100e-01
   5.0600000e+02   1.5541500e+00   3.7613400e-01
   5.0700000e+02   1.5531250e+00   3.7734100e-01
   5.0800000e+02   1.5521230e+00   3.7851000e-01
   5.0900000e+02   1.5511470e+00   3.7963600e-01
   5.1000000e+02   1.5502000e+00   3.8071700e-01
   5.1100000e+02   1.5492810e+00   3.8175300e-01
   5.1200000e+02   1.5483880e+00   3.8274500e-01
   5.1300000e+02   1.5475190e+00   3.8369600e-01
   5.1400000e+02   1.5466730e+00   3.8460800e-01
   5.1500000e+02   1.5458480e+00   3.8548400e-01
   5.1600000e+02   1.5450410e+00   3.8632600e-01
   5.1700000e+02   1.5442510e+00   3.8713700e-01
   5.1800000e+02   1.5434730e+00   3.8792100e-01
   5.1900000e+02   1.5427080e+00   3.8868100e-01
   5.2000000e+02   1.5419510e+00   3.8941700e-01
   5.2100000e+02   1.5412040e+00   3.9013300e-01
   5.2200000e+02   1.5404620e+00   3.9082900e-01
   5.2300000e+02   1.5397240e+00   3.9150900e-01
   5.2400000e+02   1.5389860e+00   3.9217600e-01
   5.2500000e+02   1.5382470e+00   3.9283400e-01
   5.2600000e+02   1.5375020e+00   3.9348600e-01
   5.2700000e+02   1.5367510e+00   3.9413400e-01
   5.2800000e+02   1.5359920e+00   3.9478000e-01
   5.2900000e+02   1.5352240e+00   3.9542700e-01
   5.3000000e+02   1.5344440e+00   3.9607800e-01
   5.3100000e+02   1.5336530e+00   3.9673400e-01
   5.3200000e+02   1.5328480e+00   3.9739500e-01
   5.3300000e+02   1.5320300e+00   3.9806400e-01
   5.3400000e+02   1.5311980e+00   3.9874100e-01
   5.3500000e+02   1.5303490e+00   3.9942900e-01
   5.3600000e+02   1.5294820e+00   4.0013200e-01
   5.3700000e+02   1.5285930e+00   4.0085200e-01
   5.3800000e+02   1.5276810e+00   4.0159200e-01
   5.3900000e+02   1.5267450e+00   4.0235500e-01
   5.4000000e+02   1.5257820e+00   4.0314200e-01
   5.4100000e+02   1.5247910e+00   4.0395500e-01
   5.4200000e+02   1.5237720e+00   4.0479600e-01
   5.4300000e+02   1.5227230e+00   4.0566500e-01
   5.4400000e+02   1.5216470e+00   4.0655900e-01
   5.4500000e+02   1.5205430e+00   4.0747700e-01
   5.4600000e+02   1.5194140e+00   4.0841700e-01
   5.4700000e+02   1.5182610e+00   4.0937600e-01
   5.4800000e+02   1.5170830e+00   4.1035300e-01
   5.4900000e+02   1.5158820e+00   4.1134500e-01
   5.5000000e+02   1.5146600e+00   4.1235100e-01
   5.5100000e+02   1.5134180e+00   4.1336700e-01
   5.5200000e+02   1.5121570e+00   4.1439200e-01
   5.5300000e+02   1.5108780e+00   4.1542400e-01
   5.5400000e+02   1.5095830e+00   4.1646100e-01
   5.5500000e+02   1.5082720e+00   4.1750100e-01
   5.5600000e+02   1.5069490e+00   4.1854100e-01
   5.5700000e+02   1.5056130e+00   4.1957800e-01
   5.5800000e+02   1.5042680e+00   4.2061000e-01
   5.5900000e+02   1.5029140e+00   4.2163400e-01
   5.6000000e+02   1.5015510e+00   4.2265000e-01
   5.6100000e+02   1.5001800e+00   4.2365500e-01
   5.6200000e+02   1.4988010e+00   4.2464900e-01
   5.6300000e+02   1.4974140e+00   4.2562900e-01
   5.6400000e+02   1.4960200e+00   4.2659600e-01
   5.6500000e+02   1.4946180e+00   4.2754800e-01
   5.6600000e+02   1.4932090e+00   4.2848400e-01
   5.6700000e+02   1.4917930e+00   4.2940400e-01
   5.6800000e+02   1.4903720e+00   4.3030300e-01
   5.6900000e+02   1.4889470e+00   4.3118100e-01
   5.7000000e+02   1.4875180e+00   4.3203600e-01
   5.7100000e+02   1.4860870e+00   4.3286500e-01
   5.7200000e+02   1.4846530e+00   4.3366800e-01
   5.7300000e+02   1.4832170e+00   4.3444400e-01
   5.7400000e+02   1.4817810e+00   4.3519100e-01
   5.7500000e+02   1.4803430e+00   4.3591000e-01
   5.7600000e+02   1.4789040e+00   4.3660100e-01
   5.7700000e+02   1.4774630e+00   4.3726500e-01
   5.7800000e+02   1.4760200e+00   4.3790400e-01
   5.7900000e+02   1.4745750e+00   4.3851900e-01
   5.8000000e+02   1.4731270e+00   4.3910900e-01
   5.8100000e+02   1.4716760e+00   4.3967800e-01
   5.8200000e+02   1.4702230e+00   4.4022600e-01
   5.8300000e+02   1.4687660e+00   4.4075400e-01
   5.8400000e+02   1.4673050e+00   4.4126300e-01
   5.8500000e+02   1.4658400e+00   4.4175500e-01
   5.8600000e+02   1.4643690e+00   4.4223000e-01
   5.8700000e+02   1.4628930e+00   4.4269000e-01
   5.8800000e+02   1.4614110e+00   4.4313700e-01
   5.8900000e+02   1.4599210e+00   4.4357200e-01
   5.9000000e+02   1.4584240e+00   4.4399700e-01
   5.9100000e+02   1.4569200e+00   4.4441200e-01
   5.9200000e+02   1.4554080e+00   4.4481900e-01
   5.9300000e+02   1.4538890e+00   4.4521800e-01
   5.9400000e+02   1.4523620e+00   4.4561100e-01
   5.9500000e+02   1.4508290e+00   4.4599700e-01
   5.9600000e+02   1.4492880e+00   4.4637800e-01
   5.9700000e+02   1.4477400e+00   4.4675300e-01
   5.9800000e+02   1.4461850e+00   4.4712300e-01
   5.9900000e+02   1.4446230e+00   4.4748900e-01
   6.0000000e+02   1.4430550e+00   4.4785300e-01
   6.0100000e+02   1.4414780e+00   4.4821500e-01
   6.0200000e+02   1.4398950e+00   4.4857700e-01
   6.0300000e+02   1.4383040e+00   4.4893900e-01
   6.0400000e+02   1.4367050e+00   4.4930200e-01
   6.0500000e+02   1.4351000e+00   4.4966700e-01
   6.0600000e+02   1.4334870e+00   4.5003500e-01
   6.0700000e+02   1.4318660e+00   4.5040400e-01
   6.0800000e+02   1.4302380e+00   4.5077600e-01
   6.0900000e+02   1.4286030e+00   4.5114800e-01
   6.1000000e+02   1.4269600e+00   4.5152100e-01
   6.1100000e+02   1.4253110e+00   4.5189300e-01
   6.1200000e+02   1.4236540e+00   4.5226400e-01
   6.1300000e+02   1.4219910e+00   4.5263300e-01
   6.1400000e+02   1.4203200e+00   4.5299900e-01
   6.1500000e+02   1.4186430e+00   4.5336200e-01
   6.1600000e+02   1.4169590e+00   4.5372000e-01
   6.1700000e+02   1.4152690e+00   4.5407300e-01
   6.1800000e+02   1.4135720e+00   4.5442100e-01
   6.1900000e+02   1.4118710e+00   4.5476100e-01
   6.2000000e+02   1.4101630e+00   4.5509400e-01
   6.2100000e+02   1.4084500e+00   4.5541800e-01
   6.2200000e+02   1.4067330e+00   4.5573100e-01
   6.2300000e+02   1.4050100e+00   4.5603400e-01
   6.2400000e+02   1.4032830e+00   4.5632600e-01
   6.2500000e+02   1.4015500e+00   4.5660600e-01
   6.2600000e+02   1.3998120e+00   4.5687400e-01
   6.2700000e+02   1.3980690e+00   4.5712900e-01
   6.2800000e+02   1.3963210e+00   4.5737200e-01
   6.2900000e+02   1.3945670e+00   4.5760100e-01
   6.3000000e+02   1.3928090e+00   4.5781700e-01
   6.3100000e+02   1.3910460e+00   4.5801900e-01
   6.3200000e+02   1.3892770e+00   4.5820600e-01
   6.3300000e+02   1.3875030e+00   4.5837700e-01
   6.3400000e+02   1.3857240e+00   4.5853200e-01
   6.3500000e+02   1.3839410e+00   4.5867000e-01
   6.3600000e+02   1.3821520e+00   4.5879000e-01
   6.3700000e+02   1.3803590e+00   4.5889300e-01
   6.3800000e+02   1.3785600e+00   4.5897700e-01
   6.3900000e+02   1.3767580e+00   4.5904300e-01
   6.4000000e+02   1.3749500e+00   4.5909100e-01
   6.4100000e+02   1.3731380e+00   4.5912000e-01
   6.4200000e+02   1.3713220e+00   4.5913300e-01
   6.4300000e+02   1.3695020e+00   4.5912800e-01
   6.4400000e+02   1.3676790e+00   4.5910600e-01
   6.4500000e+02   1.3658510e+00   4.5906800e-01
   6.4600000e+02   1.3640210e+00   4.5901300e-01
   6.4700000e+02   1.3621880e+00   4.5894300e-01
   6.4800000e+02   1.3603510e+00   4.5885600e-01
   6.4900000e+02   1.3585120e+00   4.5875500e-01
   6.5000000e+02   1.3566690e+00   4.5863900e-01
   6.5100000e+02   1.3548250e+00   4.5850800e-01
   6.5200000e+02   1.3529770e+00   4.5836400e-01
   6.5300000e+02   1.3511280e+00   4.5820700e-01
   6.5400000e+02   1.3492760e+00   4.5803600e-01
   6.5500000e+02   1.3474220e+00   4.5785300e-01
   6.5600000e+02   1.3455660e+00   4.5765800e-01
   6.5700000e+02   1.3437090e+00   4.5745000e-01
   6.5800000e+02   1.3418510e+00   4.5723000e-01
   6.5900000e+02   1.3399910e+00   4.5699700e-01
   6.6000000e+02   1.3381310e+00   4.5675300e-01
   6.6100000e+02   1.3362690e+00   4.5649700e-01
   6.6200000e+02   1.3344070e+00   4.5622800e-01
   6.6300000e+02   1.3325440e+00   4.5594700e-01
   6.6400000e+02   1.3306810e+00   4.5565500e-01
   6.6500000e+02   1.3288190e+00   4.5535200e-01
   6.6600000e+02   1.3269560e+00   4.5503800e-01
   6.6700000e+02   1.3250940e+00   4.5471200e-01
   6.6800000e+02   1.3232320e+00   4.5437600e-01
   6.6900000e+02   1.3213710e+00   4.5403000e-01
   6.7000000e+02   1.3195110e+00   4.5367300e-01
   6.7100000e+02   1.3176530e+00   4.5330600e-01
   6.7200000e+02   1.3157950e+00   4.5292800e-01
   6.7300000e+02   1.3139390e+00   4.5254000e-01
   6.7400000e+02   1.3120840e+00   4.5214100e-01
   6.7500000e+02   1.3102290e+00   4.5173000e-01
   6.7600000e+02   1.3083760e+00   4.5130900e-01
   6.7700000e+02   1.3065250e+00   4.5087600e-01
   6.7800000e+02   1.3046740e+00   4.5043200e-01
   6.7900000e+02   1.3028250e+00   4.4997700e-01
   6.8000000e+02   1.3009770e+00   4.4951000e-01
   6.8100000e+02   1.2991300e+00   4.4903000e-01
   6.8200000e+02   1.2972840e+00   4.4853900e-01
   6.8300000e+02   1.2954400e+00   4.4803500e-01
   6.8400000e+02   1.2935970e+00   4.4751800e-01
   6.8500000e+02   1.2917560e+00   4.4698800e-01
   6.8600000e+02   1.2899150e+00   4.4644500e-01
   6.8700000e+02   1.2880770e+00   4.4588900e-01
   6.8800000e+02   1.2862400e+00   4.4532000e-01
   6.8900000e+02   1.2844050e+00   4.4473600e-01
   6.9000000e+02   1.2825710e+00   4.4414000e-01
   6.9100000e+02   1.2807400e+00   4.4353000e-01
   6.9200000e+02   1.2789110e+00   4.4290700e-01
   6.9300000e+02   1.2770840e+00   4.4227100e-01
   6.9400000e+02   1.2752600e+00   4.4162100e-01
   6.9500000e+02   1.2734380e+00   4.4095700e-01
   6.9600000e+02   1.2716190e+00   4.4028000e-01
   6.9700000e+02   1.2698020e+00   4.3959000e-01
   6.9800000e+02   1.2679880e+00   4.3888600e-01
   6.9900000e+02   1.2661780e+00   4.3816800e-01
   7.0000000e+02   1.2643700e+00   4.3743600e-01
   7.0100000e+02   1.2625650e+00   4.3669100e-01
   7.0200000e+02   1.2607630e+00   4.3593100e-01
   7.0300000e+02   1.2589650e+00   4.3515800e-01
   7.0400000e+02   1.2571700e+00   4.3437100e-01
   7.0500000e+02   1.2553790e+00   4.3357000e-01
   7.0600000e+02   1.2535910e+00   4.3275500e-01
   7.0700000e+02   1.2518070e+00   4.3192500e-01
   7.0800000e+02   1.2500270e+00   4.3108200e-01
   7.0900000e+02   1.2482510e+00   4.3022400e-01
   7.1000000e+02   1.2464780e+00   4.2935300e-01
   7.1100000e+02   1.2447100e+00   4.2846700e-01
   7.1200000e+02   1.2429460e+00   4.2756700e-01
   7.1300000e+02   1.2411870e+00   4.2665200e-01
   7.1400000e+02   1.2394320e+00   4.2572400e-01
   7.1500000e+02   1.2376820e+00   4.2478200e-01
   7.1600000e+02   1.2359380e+00   4.2382500e-01
   7.1700000e+02   1.2341990e+00   4.2285500e-01
   7.1800000e+02   1.2324650e+00   4.2187100e-01
   7.1900000e+02   1.2307360e+00   4.2087200e-01
   7.2000000e+02   1.2290130e+00   4.1986000e-01
   7.2100000e+02   1.2272960e+00   4.1883400e-01
   7.2200000e+02   1.2255840e+00   4.1779400e-01
   7.2300000e+02   1.2238760e+00   4.1674000e-01
   7.2400000e+02   1.2221740e+00   4.1567200e-01
   7.2500000e+02   1.2204780e+00   4.1459000e-01
   7.2600000e+02   1.2187870e+00   4.1349400e-01
   7.2700000e+02   1.2171010e+00   4.1238400e-01
   7.2800000e+02   1.2154200e+00   4.1126000e-01
   7.2900000e+02   1.2137450e+00   4.1012200e-01
   7.3000000e+02   1.2120750e+00   4.0897000e-01
   7.3100000e+02   1.2104100e+00   4.0780400e-01
   7.3200000e+02   1.2087510e+00   4.0662400e-01
   7.3300000e+02   1.2070990e+00   4.0543000e-01
   7.3400000e+02   1.2054510e+00   4.0422300e-01
   7.3500000e+02   1.2038100e+00   4.0300100e-01
   7.3600000e+02   1.2021750e+00   4.0176600e-01
   7.3700000e+02   1.2005470e+00   4.0051700e-01
   7.3800000e+02   1.1989260e+00   3.9925500e-01
   7.3900000e+02   1.1973120e+00   3.9797900e-01
   7.4000000e+02   1.1957060e+00   3.9669000e-01
   7.4100000e+02   1.1941080e+00   3.9538800e-01
   7.4200000e+02   1.1925190e+00   3.9407300e-01
   7.4300000e+02   1.1909380e+00   3.9274500e-01
   7.4400000e+02   1.1893670e+00   3.9140400e-01
   7.4500000e+02   1.1878050e+00   3.9005000e-01
   7.4600000e+02   1.1862530e+00   3.8868400e-01
   7.4700000e+02   1.1847100e+00   3.8730600e-01
   7.4800000e+02   1.1831780e+00   3.8591500e-01
   7.4900000e+02   1.1816560e+00   3.8451300e-01
   7.5000000e+02   1.1801450e+00   3.8309800e-01
   7.5100000e+02   1.1786450e+00   3.8167200e-01
   7.5200000e+02   1.1771560e+00   3.8023300e-01
   7.5300000e+02   1.1756800e+00   3.7878300e-01
   7.5400000e+02   1.1742160e+00   3.7732200e-01
   7.5500000e+02   1.1727660e+00   3.7584800e-01
   7.5600000e+02   1.1713290e+00   3.7436300e-01
   7.5700000e+02   1.1699060e+00   3.7286700e-01
   7.5800000e+02   1.1684960e+00   3.7135800e-01
   7.5900000e+02   1.1671020e+00   3.6983900e-01
   7.6000000e+02   1.1657220e+00   3.6830800e-01
   7.6100000e+02   1.1643580e+00   3.6676600e-01
   7.6200000e+02   1.1630100e+00   3.6521400e-01
   7.6300000e+02   1.1616780e+00   3.6365000e-01
   7.6400000e+02   1.1603620e+00   3.6207500e-01
   7.6500000e+02   1.1590630e+00   3.6049000e-01
   7.6600000e+02   1.1577810e+00   3.5889500e-01
   7.6700000e+02   1.1565160e+00   3.5728900e-01
   7.6800000e+02   1.1552680e+00   3.5567300e-01
   7.6900000e+02   1.1540370e+00   3.5404700e-01
   7.7000000e+02   1.1528220e+00   3.5241100e-01
   7.7100000e+02   1.1516250e+00   3.5076600e-01
   7.7200000e+02   1.1504430e+00   3.4911200e-01
   7.7300000e+02   1.1492770e+00   3.4744900e-01
   7.7400000e+02   1.1481260e+00   3.4577700e-01
   7.7500000e+02   1.1469910e+00   3.4409600e-01
   7.7600000e+02   1.1458720e+00   3.4240700e-01
   7.7700000e+02   1.1447680e+00   3.4071000e-01
   7.7800000e+02   1.1436790e+00   3.3900400e-01
   7.7900000e+02   1.1426040e+00   3.3729100e-01
   7.8000000e+02   1.1415450e+00   3.3557000e-01
   7.8100000e+02   1.1405000e+00   3.3384100e-01
   7.8200000e+02   1.1394690e+00   3.3210500e-01
   7.8300000e+02   1.1384520e+00   3.3036200e-01
   7.8400000e+02   1.1374490e+00   3.2861200e-01
   7.8500000e+02   1.1364590e+00   3.2685600e-01
   7.8600000e+02   1.1354830e+00   3.2509400e-01
   7.8700000e+02   1.1345200e+00   3.2332600e-01
   7.8800000e+02   1.1335690e+00   3.2155200e-01
   7.8900000e+02   1.1326320e+00   3.1977400e-01
   7.9000000e+02   1.1317070e+00   3.1799000e-01
   7.9100000e+02   1.1307950e+00   3.1620300e-01
   7.9200000e+02   1.1298940e+00   3.1441100e-01
   7.9300000e+02   1.1290050e+00   3.1261400e-01
   7.9400000e+02   1.1281280e+00   3.1081500e-01
   7.9500000e+02   1.1272620e+00   3.0901100e-01
   7.9600000e+02   1.1264080e+00   3.0720500e-01
   7.9700000e+02   1.1255640e+00   3.0539600e-01
   7.9800000e+02   1.1247310e+00   3.0358400e-01
   7.9900000e+02   1.1239090e+00   3.0176900e-01
   8.0000000e+02   1.1230970e+00   2.9995200e-01
   8.0100000e+02   1.1222970e+00   2.9813200e-01
   8.0200000e+02   1.1215100e+00   2.9630900e-01
   8.0300000e+02   1.1207340e+00   2.9448400e-01
   8.0400000e+02   1.1199700e+00   2.9265500e-01
   8.0500000e+02   1.1192190e+00   2.9082400e-01
   8.0600000e+02   1.1184810e+00   2.8899000e-01
   8.0700000e+02   1.1177560e+00   2.8715200e-01
   8.0800000e+02   1.1170450e+00   2.8531200e-01
   8.0900000e+02   1.1163470e+00   2.8346800e-01
   8.1000000e+02   1.1156630e+00   2.8162200e-01
   8.1100000e+02   1.1149940e+00   2.7977200e-01
   8.1200000e+02   1.1143390e+00   2.7792000e-01
   8.1300000e+02   1.1137000e+00   2.7606400e-01
   8.1400000e+02   1.1130750e+00   2.7420500e-01
   8.1500000e+02   1.1124660e+00   2.7234300e-01
   8.1600000e+02   1.1118730e+00   2.7047800e-01
   8.1700000e+02   1.1112960e+00   2.6860900e-01
   8.1800000e+02   1.1107350e+00   2.6673700e-01
   8.1900000e+02   1.1101910e+00   2.6486200e-01
   8.2000000e+02   1.1096630e+00   2.6298200e-01
   8.2100000e+02   1.1091520e+00   2.6110000e-01
   8.2200000e+02   1.1086570e+00   2.5921300e-01
   8.2300000e+02   1.1081810e+00   2.5732300e-01
   8.2400000e+02   1.1077200e+00   2.5543000e-01
   8.2500000e+02   1.1072790e+00   2.5353200e-01
   8.2600000e+02   1.1068550e+00   2.5163100e-01
   8.2700000e+02   1.1064490e+00   2.4972600e-01
   8.2800000e+02   1.1060610e+00   2.4781700e-01
   8.2900000e+02   1.1056920e+00   2.4590400e-01
   8.3000000e+02   1.1053420e+00   2.4398700e-01
   8.3100000e+02   1.1050110e+00   2.4206700e-01
   8.3200000e+02   1.1046980e+00   2.4014300e-01
   8.3300000e+02   1.1044040e+00   2.3821600e-01
   8.3400000e+02   1.1041290e+00   2.3628700e-01
   8.3500000e+02   1.1038720e+00   2.3435500e-01
   8.3600000e+02   1.1036330e+00   2.3242200e-01
   8.3700000e+02   1.1034130e+00   2.3048700e-01
   8.3800000e+02   1.1032110e+00   2.2855100e-01
   8.3900000e+02   1.1030270e+00   2.2661400e-01
   8.4000000e+02   1.1028610e+00   2.2467800e-01
   8.4100000e+02   1.1027140e+00   2.2274100e-01
   8.4200000e+02   1.1025830e+00   2.2080400e-01
   8.4300000e+02   1.1024710e+00   2.1886800e-01
   8.4400000e+02   1.1023760e+00   2.1693300e-01
   8.4500000e+02   1.1022980e+00   2.1500000e-01
   8.4600000e+02   1.1022380e+00   2.1306900e-01
   8.4700000e+02   1.1021940e+00   2.1114000e-01
   8.4800000e+02   1.1021680e+00   2.0921400e-01
   8.4900000e+02   1.1021590e+00   2.0729100e-01
   8.5000000e+02   1.1021660e+00   2.0537200e-01
   8.5100000e+02   1.1021900e+00   2.0345600e-01
   8.5200000e+02   1.1022320e+00   2.0154400e-01
   8.5300000e+02   1.1022890e+00   1.9963700e-01
   8.5400000e+02   1.1023640e+00   1.9773500e-01
   8.5500000e+02   1.1024550e+00   1.9583800e-01
   8.5600000e+02   1.1025620e+00   1.9394700e-01
   8.5700000e+02   1.1026860e+00   1.9206200e-01
   8.5800000e+02   1.1028260e+00   1.9018300e-01
   8.5900000e+02   1.1029820e+00   1.8831100e-01
   8.6000000e+02   1.1031540e+00   1.8644600e-01
   8.6100000e+02   1.1033420e+00   1.8458900e-01
   8.6200000e+02   1.1035450e+00   1.8273900e-01
   8.6300000e+02   1.1037630e+00   1.8089800e-01
   8.6400000e+02   1.1039980e+00   1.7906500e-01
   8.6500000e+02   1.1042480e+00   1.7724000e-01
   8.6600000e+02   1.1045130e+00   1.7542300e-01
   8.6700000e+02   1.1047930e+00   1.7361600e-01
   8.6800000e+02   1.1050900e+00   1.7181700e-01
   8.6900000e+02   1.1054020e+00   1.7002600e-01
   8.7000000e+02   1.1057280e+00   1.6824500e-01
   8.7100000e+02   1.1060700e+00   1.6647300e-01
   8.7200000e+02   1.1064270e+00   1.6470900e-01
   8.7300000e+02   1.1068000e+00   1.6295500e-01
   8.7400000e+02   1.1071880e+00   1.6121100e-01
   8.7500000e+02   1.1075900e+00   1.5947600e-01
   8.7600000e+02   1.1080080e+00   1.5775000e-01
   8.7700000e+02   1.1084400e+00   1.5603400e-01
   8.7800000e+02   1.1088870e+00   1.5432800e-01
   8.7900000e+02   1.1093500e+00   1.5263100e-01
   8.8000000e+02   1.1098260e+00   1.5094500e-01
   8.8100000e+02   1.1103180e+00   1.4926800e-01
   8.8200000e+02   1.1108230e+00   1.4760200e-01
   8.8300000e+02   1.1113430e+00   1.4594500e-01
   8.8400000e+02   1.1118770e+00   1.4429900e-01
   8.8500000e+02   1.1124240e+00   1.4266400e-01
   8.8600000e+02   1.1129860e+00   1.4103900e-01
   8.8700000e+02   1.1135600e+00   1.3942500e-01
   8.8800000e+02   1.1141480e+00   1.3782100e-01
   8.8900000e+02   1.1147490e+00   1.3622900e-01
   8.9000000e+02   1.1153630e+00   1.3464700e-01
   8.9100000e+02   1.1159900e+00   1.3307600e-01
   8.9200000e+02   1.1166300e+00   1.3151600e-01
   8.9300000e+02   1.1172820e+00   1.2996700e-01
   8.9400000e+02   1.1179470e+00   1.2843000e-01
   8.9500000e+02   1.1186230e+00   1.2690400e-01
   8.9600000e+02   1.1193120e+00   1.2538900e-01
   8.9700000e+02   1.1200120e+00   1.2388600e-01
   8.9800000e+02   1.1207240e+00   1.2239500e-01
   8.9900000e+02   1.1214470e+00   1.2091700e-01
   9.0000000e+02   1.1224115e+00   1.1951520e-01
   9.0100000e+02   1.1233854e+00   1.1812735e-01
   9.0200000e+02   1.1243669e+00   1.1675433e-01
   9.0300000e+02   1.1253571e+00   1.1539696e-01
   9.0400000e+02   1.1263548e+00   1.1405481e-01
   9.0500000e+02   1.1273587e+00   1.1272560e-01
   9.0600000e+02   1.1283685e+00   1.1141176e-01
   9.0700000e+02   1.1293850e+00   1.1011100e-01
   9.0800000e+02   1.1304059e+00   1.0882385e-01
   9.0900000e+02   1.1314363e+00   1.0755967e-01
   9.1000000e+02   1.1324752e+00   1.0631472e-01
   9.1100000e+02   1.1335186e+00   1.0508562e-01
   9.1200000e+02   1.1345662e+00   1.0387106e-01
   9.1300000e+02   1.1356186e+00   1.0267234e-01
   9.1400000e+02   1.1366756e+00   1.0148728e-01
   9.1500000e+02   1.1377361e+00   1.0031631e-01
   9.1600000e+02   1.1387991e+00   9.9159816e-02
   9.1700000e+02   1.1398686e+00   9.8037629e-02
   9.1800000e+02   1.1409408e+00   9.6931418e-02
   9.1900000e+02   1.1420161e+00   9.5839936e-02
   9.2000000e+02   1.1430927e+00   9.4763530e-02
   9.2100000e+02   1.1441720e+00   9.3700942e-02
   9.2200000e+02   1.1452516e+00   9.2653271e-02
   9.2300000e+02   1.1463336e+00   9.1618487e-02
   9.2400000e+02   1.1474183e+00   9.0603078e-02
   9.2500000e+02   1.1485121e+00   8.9623630e-02
   9.2600000e+02   1.1496079e+00   8.8658666e-02
   9.2700000e+02   1.1507034e+00   8.7707713e-02
   9.2800000e+02   1.1518000e+00   8.6769581e-02
   9.2900000e+02   1.1528961e+00   8.5844528e-02
   9.3000000e+02   1.1539923e+00   8.4932079e-02
   9.3100000e+02   1.1550878e+00   8.4031076e-02
   9.3200000e+02   1.1561799e+00   8.3159885e-02
   9.3300000e+02   1.1572686e+00   8.2317995e-02
   9.3400000e+02   1.1583555e+00   8.1488331e-02
   9.3500000e+02   1.1594412e+00   8.0669804e-02
   9.3600000e+02   1.1605236e+00   7.9863266e-02
   9.3700000e+02   1.1616042e+00   7.9066992e-02
   9.3800000e+02   1.1626820e+00   7.8280568e-02
   9.3900000e+02   1.1637567e+00   7.7503578e-02
   9.4000000e+02   1.1648388e+00   7.6769674e-02
   9.4100000e+02   1.1659206e+00   7.6052957e-02
   9.4200000e+02   1.1669996e+00   7.5345844e-02
   9.4300000e+02   1.1680760e+00   7.4649078e-02
   9.4400000e+02   1.1691496e+00   7.3960550e-02
   9.4500000e+02   1.1702196e+00   7.3280994e-02
   9.4600000e+02   1.1712858e+00   7.2609458e-02
   9.4700000e+02   1.1723478e+00   7.1950749e-02
   9.4800000e+02   1.1733963e+00   7.1339304e-02
   9.4900000e+02   1.1744409e+00   7.0736562e-02
   9.5000000e+02   1.1754810e+00   7.0142138e-02
   9.5100000e+02   1.1765168e+00   6.9555645e-02
   9.5200000e+02   1.1775483e+00   6.8976223e-02
   9.5300000e+02   1.1785752e+00   6.8403979e-02
   9.5400000e+02   1.1795981e+00   6.7837617e-02
   9.5500000e+02   1.1806160e+00   6.7295467e-02
   9.5600000e+02   1.1816274e+00   6.6787229e-02
   9.5700000e+02   1.1826349e+00   6.6285899e-02
   9.5800000e+02   1.1836375e+00   6.5791120e-02
   9.5900000e+02   1.1846361e+00   6.5302131e-02
   9.6000000e+02   1.1856304e+00   6.4818208e-02
   9.6100000e+02   1.1866210e+00   6.4339826e-02
   9.6200000e+02   1.1876077e+00   6.3866254e-02
   9.6300000e+02   1.1885615e+00   6.3427664e-02
   9.6400000e+02   1.1894970e+00   6.3008759e-02
   9.6500000e+02   1.1904277e+00   6.2595147e-02
   9.6600000e+02   1.1913536e+00   6.2185825e-02
   9.6700000e+02   1.1922756e+00   6.1780855e-02
   9.6800000e+02   1.1931928e+00   6.1379938e-02
   9.6900000e+02   1.1941060e+00   6.0982471e-02
   9.7000000e+02   1.1950153e+00   6.0588484e-02
   9.7100000e+02   1.1959432e+00   6.0240373e-02
   9.7200000e+02   1.1968690e+00   5.9898053e-02
   9.7300000e+02   1.1977918e+00   5.9559342e-02
   9.7400000e+02   1.1987120e+00   5.9223713e-02
   9.7500000e+02   1.1996295e+00   5.8891179e-02
   9.7600000e+02   1.2005443e+00   5.8560995e-02
   9.7700000e+02   1.2014569e+00   5.8233409e-02
   9.7800000e+02   1.2023558e+00   5.7917823e-02
   9.7900000e+02   1.2032172e+00   5.7635137e-02
   9.8000000e+02   1.2040754e+00   5.7354737e-02
   9.8100000e+02   1.2049307e+00   5.7076633e-02
   9.8200000e+02   1.2057830e+00   5.6800439e-02
   9.8300000e+02   1.2066325e+00   5.6526145e-02
   9.8400000e+02   1.2074794e+00   5.6253227e-02
   9.8500000e+02   1.2083238e+00   5.5981683e-02
   9.8600000e+02   1.2091580e+00   5.5734543e-02
   9.8700000e+02   1.2099832e+00   5.5509178e-02
   9.8800000e+02   1.2108059e+00   5.5285551e-02
   9.8900000e+02   1.2116260e+00   5.5063404e-02
   9.9000000e+02   1.2124438e+00   5.4842717e-02
   9.9100000e+02   1.2132594e+00   5.4623342e-02
   9.9200000e+02   1.2140728e+00   5.4405052e-02
   9.9300000e+02   1.2148841e+00   5.4187796e-02
   9.9400000e+02   1.2156610e+00   5.4009429e-02
   9.9500000e+02   1.2164282e+00   5.3840941e-02
   9.9600000e+02   1.2171928e+00   5.3674037e-02
   9.9700000e+02   1.2179547e+00   5.3508538e-02
   9.9800000e+02   1.2187142e+00   5.3344346e-02
   9.9900000e+02   1.2194713e+00   5.3181311e-02
   1.0000000e+03   1.2202261e+00   5.3019286e-02
   1.0008918e+03   1.2208016e+00   5.2759750e-02
   1.0086064e+03   1.2257015e+00   5.0837391e-02
   1.0163201e+03   1.2300636e+00   4.9158373e-02
   1.0240341e+03   1.2344155e+00   4.7691877e-02
   1.0317479e+03   1.2384776e+00   4.6404876e-02
   1.0394621e+03   1.2423074e+00   4.5263910e-02
   1.0471763e+03   1.2458323e+00   4.4218750e-02
   1.0548901e+03   1.2493311e+00   4.3277224e-02
   1.0626044e+03   1.2525773e+00   4.2423304e-02
   1.0703177e+03   1.2558281e+00   4.1653965e-02
   1.0780323e+03   1.2587832e+00   4.0962164e-02
   1.0857457e+03   1.2618124e+00   4.0397136e-02
   1.0934602e+03   1.2645872e+00   3.9922566e-02
   1.1011736e+03   1.2672983e+00   3.9531882e-02
   1.1088884e+03   1.2697918e+00   3.9202154e-02
   1.1166023e+03   1.2721826e+00   3.8924882e-02
   1.1243156e+03   1.2743709e+00   3.8686589e-02
   1.1320298e+03   1.2766118e+00   3.8464002e-02
   1.1397440e+03   1.2786436e+00   3.8248748e-02
   1.1474575e+03   1.2806228e+00   3.8051832e-02
   1.1551719e+03   1.2824157e+00   3.7848568e-02
   1.1628854e+03   1.2843069e+00   3.7645753e-02
   1.1705997e+03   1.2861219e+00   3.7466582e-02
   1.1783143e+03   1.2879236e+00   3.7322249e-02
   1.1860272e+03   1.2896201e+00   3.7238892e-02
   1.1937419e+03   1.2913424e+00   3.7181655e-02
   1.2014552e+03   1.2928130e+00   3.7156187e-02
   1.2091694e+03   1.2943273e+00   3.7146233e-02
   1.2168840e+03   1.2957022e+00   3.7136106e-02
   1.2245973e+03   1.2970351e+00   3.7118978e-02
   1.2323117e+03   1.2982271e+00   3.7086133e-02
   1.2400255e+03   1.2995413e+00   3.7028999e-02
   1.2477400e+03   1.3008415e+00   3.6992916e-02
   1.2554534e+03   1.3021411e+00   3.6955161e-02
   1.2631669e+03   1.3032834e+00   3.6929032e-02
   1.2708822e+03   1.3044456e+00   3.6926756e-02
   1.2785958e+03   1.3054945e+00   3.6924269e-02
   1.2863093e+03   1.3066043e+00   3.6939770e-02
   1.2940243e+03   1.3076703e+00   3.6989969e-02
   1.3017376e+03   1.3088274e+00   3.7101952e-02
   1.3094524e+03   1.3098365e+00   3.7257481e-02
   1.3171656e+03   1.3107270e+00   3.7421186e-02
   1.3248788e+03   1.3114100e+00   3.7544516e-02
   1.3325942e+03   1.3121367e+00   3.7570645e-02
   1.3403083e+03   1.3127802e+00   3.7466129e-02
   1.3480214e+03   1.3136847e+00   3.7265806e-02
   1.3557355e+03   1.3145937e+00   3.7048065e-02
   1.3634492e+03   1.3156687e+00   3.6913160e-02
   1.3711628e+03   1.3167437e+00   3.6920113e-02
   1.3788767e+03   1.3178623e+00   3.7066933e-02
   1.3865914e+03   1.3188154e+00   3.7326774e-02
   1.3943054e+03   1.3197162e+00   3.7631613e-02
   1.4020192e+03   1.3204341e+00   3.7895509e-02
   1.4097334e+03   1.3212130e+00   3.8097075e-02
   1.4174465e+03   1.3220183e+00   3.8274309e-02
   1.4251612e+03   1.3228911e+00   3.8438918e-02
   1.4328762e+03   1.3236874e+00   3.8647908e-02
   1.4405901e+03   1.3245273e+00   3.8912168e-02
   1.4483035e+03   1.3252713e+00   3.9175945e-02
   1.4560174e+03   1.3260938e+00   3.9447487e-02
   1.4637324e+03   1.3268727e+00   3.9733825e-02
   1.4714451e+03   1.3277038e+00   4.0034304e-02
   1.4791587e+03   1.3284740e+00   4.0334163e-02
   1.4868739e+03   1.3293922e+00   4.0634028e-02
   1.4945874e+03   1.3303523e+00   4.0986145e-02
   1.5023023e+03   1.3314659e+00   4.1410915e-02
   1.5100152e+03   1.3325185e+00   4.1886188e-02
   1.5177294e+03   1.3337191e+00   4.2386372e-02
   1.5254436e+03   1.3351039e+00   4.3014111e-02
   1.5331568e+03   1.3366370e+00   4.3804648e-02
   1.5408724e+03   1.3381750e+00   4.4763152e-02
   1.5485845e+03   1.3399405e+00   4.5879173e-02
   1.5562991e+03   1.3419238e+00   4.7201389e-02
   1.5640127e+03   1.3442990e+00   4.8906735e-02
   1.5717265e+03   1.3470275e+00   5.1335552e-02
   1.5794420e+03   1.3500859e+00   5.4891666e-02
   1.5871555e+03   1.3527209e+00   6.0032134e-02
   1.5948683e+03   1.3544479e+00   6.6790566e-02
   1.6025821e+03   1.3544701e+00   7.4867085e-02
   1.6102982e+03   1.3524043e+00   8.3714416e-02
   1.6180104e+03   1.3477348e+00   9.2943706e-02
   1.6257255e+03   1.3400360e+00   1.0144205e-01
   1.6334398e+03   1.3297441e+00   1.0799830e-01
   1.6411522e+03   1.3177016e+00   1.1165059e-01
   1.6488672e+03   1.3048858e+00   1.1179988e-01
   1.6565809e+03   1.2921356e+00   1.0832386e-01
   1.6642950e+03   1.2807076e+00   1.0223005e-01
   1.6720087e+03   1.2714493e+00   9.4210219e-02
   1.6797237e+03   1.2648336e+00   8.4770009e-02
   1.6874362e+03   1.2606055e+00   7.4903160e-02
   1.6951508e+03   1.2583116e+00   6.4794552e-02
   1.7028639e+03   1.2580538e+00   5.4950521e-02
   1.7105801e+03   1.2597461e+00   4.5945457e-02
   1.7182928e+03   1.2626612e+00   3.8177873e-02
   1.7260068e+03   1.2664379e+00   3.2148691e-02
   1.7337212e+03   1.2706416e+00   2.7452539e-02
   1.7414352e+03   1.2747390e+00   2.3756965e-02
   1.7491477e+03   1.2785463e+00   2.0897786e-02
   1.7568641e+03   1.2819865e+00   1.8685443e-02
   1.7645772e+03   1.2852153e+00   1.6854882e-02
   1.7722923e+03   1.2882142e+00   1.5342029e-02
   1.7800056e+03   1.2909777e+00   1.4102817e-02
   1.7877191e+03   1.2936403e+00   1.3086285e-02
   1.7954321e+03   1.2961283e+00   1.2240554e-02
   1.8031469e+03   1.2984128e+00   1.1539452e-02
   1.8108594e+03   1.3006187e+00   1.0966714e-02
   1.8185753e+03   1.3026768e+00   1.0516288e-02
   1.8262872e+03   1.3046563e+00   1.0152986e-02
   1.8340043e+03   1.3064966e+00   9.8783706e-03
   1.8417156e+03   1.3082275e+00   9.6569074e-03
   1.8494305e+03   1.3097679e+00   9.4528498e-03
   1.8571447e+03   1.3113656e+00   9.2667233e-03
   1.8648575e+03   1.3128208e+00   9.1074645e-03
   1.8725715e+03   1.3142218e+00   8.9793087e-03
   1.8802859e+03   1.3155445e+00   8.8698155e-03
   1.8880001e+03   1.3168671e+00   8.7777419e-03
   1.8957130e+03   1.3181200e+00   8.7089857e-03
   1.9034277e+03   1.3193375e+00   8.6614831e-03
   1.9111433e+03   1.3204621e+00   8.6253462e-03
   1.9188554e+03   1.3216889e+00   8.6178780e-03
   1.9265707e+03   1.3227787e+00   8.6537308e-03
   1.9342846e+03   1.3239177e+00   8.7084764e-03
   1.9420002e+03   1.3250229e+00   8.8006460e-03
   1.9497130e+03   1.3260544e+00   8.9350181e-03
   1.9574260e+03   1.3270336e+00   9.0772283e-03
   1.9651423e+03   1.3279552e+00   9.2738214e-03
   1.9728535e+03   1.3288020e+00   9.4904008e-03
   1.9805667e+03   1.3297289e+00   9.7213119e-03
   1.9882811e+03   1.3305949e+00   9.9788700e-03
   1.9959960e+03   1.3314696e+00   1.0271270e-02
   2.0037109e+03   1.3322747e+00   1.0576300e-02
   2.0114249e+03   1.3330613e+00   1.0904128e-02
   2.0191374e+03   1.3336971e+00   1.1266193e-02
   2.0268517e+03   1.3344213e+00   1.1654396e-02
   2.0345673e+03   1.3350783e+00   1.2054131e-02
   2.0422793e+03   1.3356797e+00   1.2467210e-02
   2.0499953e+03   1.3361413e+00   1.2897724e-02
   2.0577063e+03   1.3366501e+00   1.3319508e-02
   2.0654244e+03   1.3370542e+00   1.3734321e-02
   2.0731361e+03   1.3373765e+00   1.4158914e-02
   2.0808493e+03   1.3376116e+00   1.4570901e-02
   2.0885634e+03   1.3378294e+00   1.4956615e-02
   2.0962778e+03   1.3379687e+00   1.5316201e-02
   2.1039919e+03   1.3380819e+00   1.5649657e-02
   2.1117050e+03   1.3381301e+00   1.5935161e-02
   2.1194209e+03   1.3382732e+00   1.6152903e-02
   2.1271346e+03   1.3382371e+00   1.6327097e-02
   2.1348499e+03   1.3382197e+00   1.6434065e-02
   2.1425618e+03   1.3381831e+00   1.6473066e-02
   2.1502740e+03   1.3382442e+00   1.6453164e-02
   2.1579908e+03   1.3381919e+00   1.6389701e-02
   2.1657022e+03   1.3381571e+00   1.6266637e-02
   2.1734169e+03   1.3381310e+00   1.6093009e-02
   2.1811345e+03   1.3381571e+00   1.5877519e-02
   2.1888448e+03   1.3381571e+00   1.5618743e-02
   2.1965615e+03   1.3383027e+00   1.5342263e-02
   2.2042745e+03   1.3383906e+00   1.5018229e-02
   2.2119881e+03   1.3385295e+00   1.4663625e-02
   2.2197016e+03   1.3387423e+00   1.4274183e-02
   2.2274146e+03   1.3389377e+00   1.3885602e-02
   2.2351314e+03   1.3391468e+00   1.3473346e-02
   2.2428464e+03   1.3394622e+00   1.3066475e-02
   2.2505593e+03   1.3398158e+00   1.2660339e-02
   2.2582743e+03   1.3401642e+00   1.2272133e-02
   2.2659860e+03   1.3404865e+00   1.1892653e-02
   2.2736988e+03   1.3409174e+00   1.1521877e-02
   2.2814122e+03   1.3413914e+00   1.1160901e-02
   2.2891257e+03   1.3419090e+00   1.0804803e-02
   2.2968441e+03   1.3423558e+00   1.0461688e-02
   2.3045563e+03   1.3428762e+00   1.0140162e-02
   2.3122724e+03   1.3434374e+00   9.8302946e-03
   2.3199864e+03   1.3440334e+00   9.5458624e-03
   2.3276980e+03   1.3445039e+00   9.2711436e-03
   2.3354118e+03   1.3450876e+00   9.0166297e-03
   2.3431276e+03   1.3457152e+00   8.7807167e-03
   2.3508392e+03   1.3463977e+00   8.5532029e-03
   2.3585518e+03   1.3468681e+00   8.3317352e-03
   2.3662702e+03   1.3474541e+00   8.1039617e-03
   2.3739830e+03   1.3480928e+00   7.8685730e-03
   2.3816952e+03   1.3487619e+00   7.6343238e-03
   2.3894120e+03   1.3492845e+00   7.3936804e-03
   2.3971215e+03   1.3499251e+00   7.1732347e-03
   2.4048405e+03   1.3505647e+00   6.9517432e-03
   2.4125511e+03   1.3512390e+00   6.7379130e-03
   2.4202644e+03   1.3519047e+00   6.5234430e-03
   2.4279800e+03   1.3526139e+00   6.3186373e-03
   2.4356917e+03   1.3532323e+00   6.1342000e-03
   2.4434106e+03   1.3539121e+00   5.9677675e-03
   2.4511246e+03   1.3546126e+00   5.8096461e-03
   2.4588330e+03   1.3553391e+00   5.6698072e-03
   2.4665475e+03   1.3560396e+00   5.5291095e-03
   2.4742615e+03   1.3567750e+00   5.3888120e-03
   2.4819747e+03   1.3574587e+00   5.2497265e-03
   2.4896927e+03   1.3581032e+00   5.1128529e-03
   2.4974027e+03   1.3588171e+00   4.9769500e-03
   2.5051167e+03   1.3595699e+00   4.8404193e-03
   2.5128343e+03   1.3603140e+00   4.6941054e-03
   2.5205488e+03   1.3611016e+00   4.5556727e-03
   2.5282596e+03   1.3618630e+00   4.4140831e-03
   2.5359728e+03   1.3626767e+00   4.2804293e-03
   2.5436878e+03   1.3634731e+00   4.1383140e-03
   2.5514044e+03   1.3643217e+00   3.9968975e-03
   2.5591156e+03   1.3651528e+00   3.8737218e-03
   2.5668339e+03   1.3661331e+00   3.7409454e-03
   2.5745460e+03   1.3670487e+00   3.6272429e-03
   2.5822578e+03   1.3679377e+00   3.5150575e-03
   2.5899758e+03   1.3687565e+00   3.4122800e-03
   2.5976860e+03   1.3698083e+00   3.3142522e-03
   2.6054015e+03   1.3708087e+00   3.2297928e-03
   2.6131152e+03   1.3717652e+00   3.1632359e-03
   2.6208267e+03   1.3726836e+00   3.1124740e-03
   2.6285423e+03   1.3738233e+00   3.0766397e-03
   2.6362548e+03   1.3749456e+00   3.0470943e-03
   2.6439708e+03   1.3760690e+00   3.0369640e-03
   2.6516829e+03   1.3771353e+00   3.0375248e-03
   2.6593976e+03   1.3782364e+00   3.0539487e-03
   2.6671147e+03   1.3794294e+00   3.0845902e-03
   2.6748267e+03   1.3806026e+00   3.1256499e-03
   2.6825401e+03   1.3817386e+00   3.1852027e-03
   2.6902548e+03   1.3829094e+00   3.2454243e-03
   2.6979703e+03   1.3840890e+00   3.3230661e-03
   2.7056863e+03   1.3853767e+00   3.4130866e-03
   2.7133949e+03   1.3866467e+00   3.5131141e-03
   2.7211107e+03   1.3879364e+00   3.6310026e-03
   2.7288257e+03   1.3893026e+00   3.7601562e-03
   2.7365397e+03   1.3906279e+00   3.9005488e-03
   2.7442522e+03   1.3919555e+00   4.0533941e-03
   2.7519704e+03   1.3933863e+00   4.2173922e-03
   2.7596789e+03   1.3949824e+00   4.3980378e-03
   2.7673924e+03   1.3964402e+00   4.6047030e-03
   2.7751106e+03   1.3979819e+00   4.8285211e-03
   2.7828255e+03   1.3996181e+00   5.0639801e-03
   2.7905367e+03   1.4012821e+00   5.3315728e-03
   2.7982517e+03   1.4029232e+00   5.6299453e-03
   2.8059621e+03   1.4046761e+00   5.9810713e-03
   2.8136756e+03   1.4065039e+00   6.3765783e-03
   2.8213918e+03   1.4083666e+00   6.7990226e-03
   2.8291104e+03   1.4103077e+00   7.2693843e-03
   2.8368231e+03   1.4122835e+00   7.7822662e-03
   2.8445375e+03   1.4143290e+00   8.3555241e-03
   2.8522451e+03   1.4164005e+00   8.9857954e-03
   2.8599620e+03   1.4185593e+00   9.6641775e-03
   2.8676795e+03   1.4208695e+00   1.0433053e-02
   2.8753893e+03   1.4231713e+00   1.1282083e-02
   2.8831073e+03   1.4254957e+00   1.2232030e-02
   2.8908167e+03   1.4278390e+00   1.3272151e-02
   2.8985339e+03   1.4303239e+00   1.4408180e-02
   2.9062502e+03   1.4328261e+00   1.5638068e-02
   2.9139652e+03   1.4352946e+00   1.6938171e-02
   2.9216786e+03   1.4377798e+00   1.8290000e-02
   2.9293900e+03   1.4403951e+00   1.9709625e-02
   2.9370991e+03   1.4430887e+00   2.1234626e-02
   2.9448142e+03   1.4459230e+00   2.2854634e-02
   2.9525350e+03   1.4488864e+00   2.4606988e-02
   2.9602439e+03   1.4517045e+00   2.6512416e-02
   2.9679579e+03   1.4548375e+00   2.8585312e-02
   2.9756768e+03   1.4580194e+00   3.0766609e-02
   2.9833826e+03   1.4611048e+00   3.3137424e-02
   2.9911015e+03   1.4643704e+00   3.5720744e-02
   2.9988155e+03   1.4677037e+00   3.8530230e-02
   3.0065332e+03   1.4710400e+00   4.1557545e-02
   3.0142453e+03   1.4743807e+00   4.4928188e-02
   3.0219606e+03   1.4777759e+00   4.8628764e-02
   3.0296696e+03   1.4810095e+00   5.2637449e-02
   3.0373810e+03   1.4842170e+00   5.6916257e-02
   3.0450948e+03   1.4873724e+00   6.1528442e-02
   3.0528106e+03   1.4904334e+00   6.6445541e-02
   3.0605281e+03   1.4934988e+00   7.1656827e-02
   3.0682376e+03   1.4961053e+00   7.7166038e-02
   3.0759577e+03   1.4988429e+00   8.2967916e-02
   3.0836692e+03   1.5013090e+00   8.9079958e-02
   3.0913812e+03   1.5037215e+00   9.5539055e-02
   3.0990935e+03   1.5055753e+00   1.0241083e-01
   3.1068154e+03   1.5075087e+00   1.0969324e-01
   3.1145274e+03   1.5087417e+00   1.1729247e-01
   3.1222388e+03   1.5096576e+00   1.2516874e-01
   3.1299492e+03   1.5100345e+00   1.3321865e-01
   3.1376683e+03   1.5103420e+00   1.4152382e-01
   3.1453761e+03   1.5095349e+00   1.5018983e-01
   3.1530921e+03   1.5085631e+00   1.5892283e-01
   3.1608060e+03   1.5069277e+00   1.6752094e-01
   3.1685176e+03   1.5045152e+00   1.7623408e-01
   3.1762367e+03   1.5018239e+00   1.8495877e-01
   3.1839529e+03   1.4984109e+00   1.9361392e-01
   3.1916659e+03   1.4943491e+00   2.0208669e-01
   3.1993755e+03   1.4894606e+00   2.1022844e-01
   3.2070915e+03   1.4845110e+00   2.1814891e-01
   3.2148035e+03   1.4787766e+00   2.2573723e-01
   3.2225216e+03   1.4730764e+00   2.3296052e-01
   3.2302350e+03   1.4668447e+00   2.3985832e-01
   3.2379435e+03   1.4600989e+00   2.4663480e-01
   3.2456573e+03   1.4532589e+00   2.5287085e-01
   3.2533762e+03   1.4465309e+00   2.5869690e-01
   3.2610893e+03   1.4393227e+00   2.6420503e-01
   3.2688071e+03   1.4324031e+00   2.6950460e-01
   3.2765185e+03   1.4249007e+00   2.7463804e-01
   3.2842340e+03   1.4178246e+00   2.7964125e-01
   3.2919426e+03   1.4098792e+00   2.8454030e-01
   3.2996657e+03   1.4029988e+00   2.8934013e-01
   3.3073705e+03   1.3942661e+00   2.9413830e-01
   3.3150893e+03   1.3866293e+00   2.9882383e-01
   3.3228001e+03   1.3777258e+00   3.0352194e-01
   3.3305135e+03   1.3684970e+00   3.0831635e-01
   3.3382294e+03   1.3588875e+00   3.1282061e-01
   3.3459476e+03   1.3487672e+00   3.1713339e-01
   3.3536565e+03   1.3372910e+00   3.2103259e-01
   3.3613671e+03   1.3251701e+00   3.2431324e-01
   3.3690906e+03   1.3133088e+00   3.2678964e-01
   3.3768041e+03   1.2998274e+00   3.2835112e-01
   3.3845185e+03   1.2862587e+00   3.2871871e-01
   3.3922338e+03   1.2727312e+00   3.2781021e-01
   3.3999381e+03   1.2582996e+00   3.2569886e-01
   3.4076543e+03   1.2449461e+00   3.2245511e-01
   3.4153705e+03   1.2317664e+00   3.1794959e-01
   3.4230867e+03   1.2190700e+00   3.1235538e-01
   3.4308024e+03   1.2069277e+00   3.0586368e-01
   3.4385176e+03   1.1951558e+00   2.9856864e-01
   3.4462319e+03   1.1841089e+00   2.9054002e-01
   3.4539451e+03   1.1736228e+00   2.8179831e-01
   3.4616570e+03   1.1638372e+00   2.7239813e-01
   3.4693672e+03   1.1545484e+00   2.6248455e-01
   3.4770877e+03   1.1472480e+00   2.5226481e-01
   3.4847941e+03   1.1393932e+00   2.4174987e-01
   3.4925103e+03   1.1329305e+00   2.3098937e-01
   3.5002240e+03   1.1272133e+00   2.1997919e-01
   3.5079349e+03   1.1219841e+00   2.0883007e-01
   3.5156552e+03   1.1181890e+00   1.9742035e-01
   3.5233599e+03   1.1141957e+00   1.8595996e-01
   3.5310859e+03   1.1120298e+00   1.7455204e-01
   3.5387958e+03   1.1097955e+00   1.6319038e-01
   3.5465017e+03   1.1085044e+00   1.5204393e-01
   3.5542160e+03   1.1081694e+00   1.4115773e-01
   3.5619385e+03   1.1088383e+00   1.3062793e-01
   3.5696438e+03   1.1094335e+00   1.2056694e-01
   3.5773696e+03   1.1112216e+00   1.1107741e-01
   3.5850775e+03   1.1128756e+00   1.0206904e-01
   3.5927929e+03   1.1152806e+00   9.3634534e-02
   3.6005026e+03   1.1177844e+00   8.5821304e-02
   3.6082195e+03   1.1206337e+00   7.8530998e-02
   3.6159303e+03   1.1233506e+00   7.1616979e-02
   3.6236479e+03   1.1262245e+00   6.4929609e-02
   3.6313590e+03   1.1290030e+00   5.8312574e-02
   3.6390764e+03   1.1320987e+00   5.1636818e-02
   3.6467868e+03   1.1357014e+00   4.5093334e-02
   3.6545033e+03   1.1398660e+00   3.8694816e-02
   3.6622122e+03   1.1444816e+00   3.2529296e-02
   3.6699268e+03   1.1497808e+00   2.6650227e-02
   3.6776469e+03   1.1555451e+00   2.1508954e-02
   3.6853588e+03   1.1612762e+00   1.7363784e-02
   3.6930759e+03   1.1671043e+00   1.4018492e-02
   3.7007842e+03   1.1729030e+00   1.1303033e-02
   3.7084973e+03   1.1784908e+00   9.2065183e-03
   3.7162150e+03   1.1838176e+00   7.6317816e-03
   3.7239232e+03   1.1887115e+00   6.4570180e-03
   3.7316496e+03   1.1932077e+00   5.5810743e-03
   3.7393522e+03   1.1973976e+00   4.9604933e-03
   3.7470726e+03   1.2012837e+00   4.5445252e-03
   3.7547827e+03   1.2048644e+00   4.2329447e-03
   3.7624962e+03   1.2081604e+00   3.9848834e-03
   3.7702130e+03   1.2111716e+00   3.7733542e-03
   3.7779331e+03   1.2139914e+00   3.5976275e-03
   3.7856418e+03   1.2165810e+00   3.4285314e-03
   3.7933533e+03   1.2189872e+00   3.2487271e-03
   3.8010673e+03   1.2213065e+00   3.0520196e-03
   3.8087838e+03   1.2235126e+00   2.7974277e-03
   3.8165026e+03   1.2256840e+00   2.5589572e-03
   3.8242088e+03   1.2277222e+00   2.3289877e-03
   3.8319315e+03   1.2297493e+00   2.1132117e-03
   3.8396412e+03   1.2317897e+00   1.9609244e-03
   3.8473524e+03   1.2337953e+00   1.8733972e-03
   3.8550650e+03   1.2356397e+00   1.8409258e-03
   3.8627787e+03   1.2373271e+00   1.8363078e-03
   3.8704933e+03   1.2388614e+00   1.8322624e-03
   3.8782087e+03   1.2404454e+00   1.8272847e-03
   3.8859248e+03   1.2420361e+00   1.8151259e-03
   3.8936413e+03   1.2435299e+00   1.8116690e-03
   3.9013581e+03   1.2448838e+00   1.8165711e-03
   3.9090596e+03   1.2462844e+00   1.8397188e-03
   3.9167763e+03   1.2475371e+00   1.8785314e-03
   3.9244928e+03   1.2487921e+00   1.9176812e-03
   3.9322087e+03   1.2500364e+00   1.9575321e-03
   3.9399240e+03   1.2512545e+00   2.0068036e-03
   3.9476385e+03   1.2523131e+00   2.0570610e-03
   3.9553520e+03   1.2533445e+00   2.1066379e-03
   3.9630642e+03   1.2543150e+00   2.1563060e-03
   3.9707751e+03   1.2552694e+00   2.1975645e-03
   3.9784844e+03   1.2562696e+00   2.2274294e-03
   3.9862077e+03   1.2571814e+00   2.2485757e-03
   3.9939133e+03   1.2580211e+00   2.2610237e-03
   4.0016327e+03   1.2588394e+00   2.2643739e-03
   4.0093498e+03   1.2596072e+00   2.2401834e-03
   4.0170645e+03   1.2603749e+00   2.2072854e-03
   4.0247765e+03   1.2611077e+00   2.1656800e-03
   4.0324857e+03   1.2618492e+00   2.0979480e-03
   4.0402081e+03   1.2625909e+00   2.0389141e-03
   4.0479111e+03   1.2633149e+00   1.9711877e-03
   4.0556270e+03   1.2640536e+00   1.9123048e-03
   4.0633393e+03   1.2647889e+00   1.8534788e-03
   4.0710645e+03   1.2655244e+00   1.8033515e-03
   4.0787692e+03   1.2662335e+00   1.7619514e-03
   4.0864864e+03   1.2669340e+00   1.7205406e-03
   4.0941993e+03   1.2676258e+00   1.6878431e-03
   4.1019078e+03   1.2682865e+00   1.6467746e-03
   4.1096285e+03   1.2689323e+00   1.6154254e-03
   4.1173443e+03   1.2695607e+00   1.5840795e-03
   4.1250552e+03   1.2701802e+00   1.5527369e-03
   4.1327779e+03   1.2707913e+00   1.5213863e-03
   4.1404781e+03   1.2713933e+00   1.4987606e-03
   4.1482071e+03   1.2719783e+00   1.4848251e-03
   4.1559132e+03   1.2725216e+00   1.4635078e-03
   4.1636307e+03   1.2730604e+00   1.4338735e-03
   4.1713421e+03   1.2735904e+00   1.4042421e-03
   4.1790471e+03   1.2741117e+00   1.3746135e-03
   4.1867631e+03   1.2746330e+00   1.3449798e-03
   4.1944901e+03   1.2751544e+00   1.3240509e-03
   4.2021927e+03   1.2756496e+00   1.3120465e-03
   4.2099059e+03   1.2761273e+00   1.2831308e-03
   4.2176297e+03   1.2766226e+00   1.2542112e-03
   4.2253462e+03   1.2771004e+00   1.2252943e-03
   4.2330551e+03   1.2775782e+00   1.2137995e-03
   4.2407742e+03   1.2780386e+00   1.1935913e-03
   4.2484854e+03   1.2785076e+00   1.1820956e-03
   4.2561885e+03   1.2789345e+00   1.1710820e-03
   4.2639014e+03   1.2793576e+00   1.1601828e-03
   4.2716240e+03   1.2797719e+00   1.1579906e-03
   4.2793381e+03   1.2801601e+00   1.1558008e-03
   4.2870433e+03   1.2805396e+00   1.1361942e-03
   4.2947578e+03   1.2809278e+00   1.1252946e-03
   4.3024817e+03   1.2812963e+00   1.0971843e-03
   4.3101962e+03   1.2816957e+00   1.0782320e-03
   4.3179011e+03   1.2820602e+00   1.0505719e-03
   4.3256150e+03   1.2824509e+00   1.0054907e-03
   4.3333377e+03   1.2828329e+00   9.7782710e-04
   4.3410503e+03   1.2832149e+00   9.4145582e-04
   4.3487715e+03   1.2835882e+00   9.0508283e-04
   4.3564822e+03   1.2839535e+00   8.7440612e-04
   4.3641823e+03   1.2842980e+00   8.4381953e-04
   4.3719096e+03   1.2846515e+00   8.1322949e-04
   4.3796260e+03   1.2849961e+00   7.9135052e-04
   4.3873311e+03   1.2853320e+00   7.6076329e-04
   4.3950441e+03   1.2856593e+00   7.3017506e-04
   4.4027649e+03   1.2859952e+00   7.0835975e-04
   4.4104740e+03   1.2863137e+00   6.6924139e-04
   4.4181906e+03   1.2866410e+00   6.3883194e-04
   4.4258950e+03   1.2869507e+00   5.9971406e-04
   4.4336264e+03   1.2872868e+00   5.6059340e-04
   4.4413256e+03   1.2876052e+00   5.3018574e-04
   4.4490517e+03   1.2879325e+00   4.9106563e-04
   4.4567649e+03   1.2882510e+00   4.5210397e-04
   4.4644651e+03   1.2885869e+00   4.2187505e-04
   4.4721919e+03   1.2889055e+00   4.0035368e-04
   4.4799054e+03   1.2892327e+00   3.7883338e-04
   4.4876052e+03   1.2895425e+00   3.6602384e-04
   4.4953316e+03   1.2898698e+00   3.5321218e-04
   4.5030441e+03   1.2901709e+00   3.4929985e-04
