Time [sec]	P [hPa]	T [°C]	Hu [%]	Ws [m/s]	Wd [°]	Alt [m]	Geopot [m]	Lon [°]   	Lat [°]   	Dew [°C]	Vi Te [°C]	RI    	MRI   	Rs [m/s]	Elevation [°]	Azimuth [°]	Range [m]	D [kg/m3]
0         	1013.0 	15.0  	70    	0.0     	000   	26     	26        	-58.965700	-62.201600	9.6     	16.3      	275.95	280.03	0.0     	62.2         	180        	1        	0.084644 
2         	1012.8 	14.4  	70    	0.1     	085   	28     	28        	-58.965794	-62.201605	9.0     	15.7      	276.44	280.80	0.9     	25.7         	260        	6        	0.084749 
4         	1012.6 	13.9  	70    	0.3     	085   	30     	30        	-58.965888	-62.201610	8.5     	15.0      	276.93	281.60	0.9     	23.4         	262        	11       	0.084853 
6         	1012.3 	13.3  	70    	0.4     	085   	32     	32        	-58.965982	-62.201614	7.9     	14.4      	277.43	282.37	0.9     	22.3         	263        	16       	0.084958 
8         	1012.1 	12.7  	70    	0.6     	085   	33     	33        	-58.966076	-62.201619	7.4     	13.8      	277.93	283.18	0.9     	22.0         	263        	21       	0.085309 
10        	1011.9 	12.2  	70    	0.7     	085   	35     	35        	-58.966170	-62.201624	6.9     	13.2      	278.44	283.97	0.9     	21.6         	263        	27       	0.085803 
12        	1011.7 	11.6  	71    	0.9     	085   	37     	37        	-58.966265	-62.201629	6.4     	12.6      	278.96	284.77	0.9     	21.4         	263        	32       	0.086298 
14        	1011.5 	11.0  	71    	1.0     	085   	39     	39        	-58.966359	-62.201633	5.9     	12.0      	279.48	285.59	0.9     	21.3         	263        	37       	0.086795 
16        	1011.3 	10.4  	71    	1.2     	085   	41     	41        	-58.966400	-62.201637	5.4     	11.4      	280.01	286.40	0.9     	22.6         	263        	40       	0.087295 
18        	1011.1 	9.9   	71    	1.3     	085   	42     	42        	-58.966405	-62.201640	4.9     	10.8      	280.54	287.11	0.6     	24.0         	263        	41       	0.087796 
20        	1010.9 	9.3   	72    	1.5     	085   	43     	43        	-58.966411	-62.201643	4.5     	10.2      	281.08	287.86	0.6     	25.5         	262        	41       	0.088300 
22        	1010.8 	8.7   	72    	1.6     	085   	44     	45        	-58.966416	-62.201646	4.0     	9.6       	281.62	288.59	0.6     	26.7         	262        	42       	0.088784 
24        	1010.6 	8.2   	72    	1.8     	085   	46     	46        	-58.966422	-62.201649	3.5     	9.0       	282.17	289.34	0.6     	28.1         	261        	43       	0.089266 
26        	1010.5 	7.6   	72    	1.9     	085   	47     	47        	-58.966427	-62.201652	3.0     	8.4       	282.72	290.08	0.6     	29.3         	261        	44       	0.089751 
28        	1010.3 	7.0   	73    	2.1     	085   	48     	48        	-58.966433	-62.201655	2.5     	7.8       	283.27	290.83	0.6     	30.5         	260        	45       	0.090237 
30        	1010.2 	6.5   	73    	2.2     	085   	50     	50        	-58.966438	-62.201658	2.0     	7.2       	283.82	291.59	0.6     	31.7         	260        	46       	0.090726 
32        	1010.0 	5.9   	73    	2.1     	085   	51     	51        	-58.966443	-62.201660	1.4     	6.6       	284.38	292.34	0.6     	32.7         	260        	47       	0.091216 
34        	1009.8 	5.3   	73    	1.9     	086   	52     	52        	-58.966449	-62.201663	0.9     	6.0       	284.93	293.10	0.6     	33.8         	259        	48       	0.091709 
36        	1009.7 	4.8   	73    	1.8     	086   	53     	53        	-58.966454	-62.201666	0.4     	5.4       	285.48	293.84	0.6     	34.8         	259        	49       	0.092012 
38        	1009.5 	4.2   	73    	1.7     	087   	55     	55        	-58.966460	-62.201669	-0.1    	4.8       	286.04	294.60	0.6     	35.8         	259        	50       	0.092304 
40        	1009.4 	3.6   	74    	1.6     	087   	56     	56        	-58.966465	-62.201672	-0.7    	4.2       	286.59	295.34	0.6     	36.7         	258        	51       	0.092598 
42        	1009.2 	3.0   	74    	1.4     	088   	57     	57        	-58.966471	-62.201675	-1.2    	3.6       	287.15	296.10	0.6     	37.6         	258        	52       	0.092893 
44        	1009.1 	2.5   	74    	1.3     	089   	58     	58        	-58.966476	-62.201678	-1.7    	3.0       	287.71	296.85	0.6     	38.4         	257        	53       	0.093189 
46        	1008.9 	1.9   	74    	1.2     	090   	60     	60        	-58.966508	-62.201682	-2.3    	2.4       	288.27	297.63	0.7     	38.4         	257        	55       	0.093487 
48        	1008.7 	1.3   	74    	1.0     	092   	61     	61        	-58.966560	-62.201686	-2.8    	1.8       	288.83	298.41	0.7     	37.8         	257        	58       	0.093823 
50        	1008.5 	0.8   	74    	0.9     	094   	63     	63        	-58.966612	-62.201691	-3.3    	1.3       	289.40	299.21	0.7     	37.3         	258        	61       	0.094295 
52        	1008.3 	0.2   	74    	0.8     	098   	64     	64        	-58.966664	-62.201696	-3.8    	0.7       	289.97	300.02	0.7     	36.9         	258        	64       	0.094769 
54        	1008.2 	-0.4  	75    	0.6     	103   	65     	66        	-58.966716	-62.201700	-4.3    	0.1       	290.54	300.81	0.7     	36.5         	258        	67       	0.095246 
56        	1008.0 	-0.9  	75    	0.5     	111   	67     	67        	-58.966768	-62.201705	-4.8    	-0.5      	291.11	301.62	0.7     	36.1         	258        	70       	0.095724 
58        	1007.8 	-1.5  	75    	0.3     	126   	68     	68        	-58.966820	-62.201709	-5.3    	-1.1      	291.69	302.41	0.7     	35.7         	258        	73       	0.096204 
60        	1007.6 	-2.1  	75    	0.2     	156   	70     	70        	-58.966872	-62.201714	-5.9    	-1.7      	292.27	303.23	0.7     	35.4         	258        	77       	0.096686 
62        	1007.4 	-2.6  	75    	0.4     	119   	71     	71        	-58.966925	-62.201719	-6.4    	-2.3      	292.85	304.03	0.7     	35.1         	258        	80       	0.097207 
64        	1007.2 	-3.2  	76    	0.6     	103   	73     	73        	-58.966977	-62.201723	-6.9    	-2.8      	293.44	304.85	0.7     	34.8         	258        	83       	0.097769 
66        	1007.1 	-3.8  	76    	0.7     	095   	74     	74        	-58.967029	-62.201728	-7.4    	-3.4      	294.03	305.68	0.7     	34.6         	258        	86       	0.098333 
68        	1006.9 	-4.4  	76    	0.9     	091   	76     	76        	-58.967081	-62.201732	-7.9    	-4.0      	294.62	306.49	0.7     	34.4         	258        	89       	0.098899 
70        	1006.7 	-4.9  	77    	1.1     	088   	77     	77        	-58.967133	-62.201737	-8.4    	-4.6      	295.21	307.32	0.7     	34.2         	258        	92       	0.099468 
72        	1006.5 	-5.5  	77    	1.3     	086   	79     	79        	-58.967185	-62.201742	-8.9    	-5.2      	295.81	308.14	0.7     	33.9         	258        	95       	0.100039 
74        	1006.3 	-6.1  	77    	1.4     	084   	80     	80        	-58.967237	-62.201746	-9.4    	-5.8      	296.41	308.97	0.7     	33.7         	258        	98       	0.100613 
76        	1006.1 	-6.6  	77    	1.6     	083   	82     	82        	-58.967328	-62.201758	-9.9    	-6.3      	296.99	309.78	0.7     	32.9         	258        	103      	0.101103 
78        	1005.9 	-6.7  	78    	1.8     	082   	83     	83        	-58.967450	-62.201776	-10.0   	-6.5      	297.08	310.11	0.8     	31.7         	258        	110      	0.101412 
80        	1005.7 	-6.9  	78    	1.9     	082   	85     	85        	-58.967571	-62.201793	-10.1   	-6.6      	297.18	310.46	0.8     	30.7         	257        	116      	0.101721 
82        	1005.5 	-7.0  	78    	2.1     	081   	86     	86        	-58.967693	-62.201811	-10.2   	-6.7      	297.28	310.79	0.8     	29.7         	257        	123      	0.102030 
84        	1005.3 	-7.1  	78    	2.3     	081   	88     	88        	-58.967815	-62.201828	-10.2   	-6.8      	297.36	311.11	0.8     	28.8         	257        	129      	0.102335 
86        	1005.1 	-7.2  	78    	2.4     	080   	89     	89        	-58.967936	-62.201846	-10.3   	-6.9      	297.42	311.43	0.8     	28.1         	257        	136      	0.102634 
88        	1004.9 	-7.3  	79    	2.6     	080   	91     	91        	-58.968058	-62.201864	-10.4   	-7.0      	297.49	311.73	0.8     	27.3         	256        	142      	0.102933 
90        	1004.7 	-7.4  	79    	2.8     	080   	92     	92        	-58.968179	-62.201881	-10.4   	-7.1      	297.55	312.03	0.8     	26.7         	256        	149      	0.103242 
92        	1004.5 	-7.5  	79    	2.9     	078   	94     	94        	-58.968301	-62.201899	-10.5   	-7.2      	297.61	312.34	0.8     	26.1         	256        	155      	0.103550 
94        	1004.3 	-7.6  	79    	3.0     	077   	95     	95        	-58.968423	-62.201916	-10.6   	-7.3      	297.68	312.64	0.8     	25.6         	256        	162      	0.103859 
96        	1004.1 	-7.7  	79    	3.1     	076   	97     	97        	-58.968544	-62.201934	-10.6   	-7.4      	297.74	312.94	0.8     	25.1         	256        	169      	0.104168 
98        	1003.9 	-7.8  	80    	3.2     	074   	98     	99        	-58.968666	-62.201951	-10.7   	-7.5      	297.80	313.23	0.8     	24.6         	256        	175      	0.104475 
100       	1003.7 	-7.9  	80    	3.3     	073   	100    	100       	-58.968788	-62.201969	-10.7   	-7.6      	297.86	313.54	0.8     	24.2         	256        	182      	0.104782 
102       	1003.5 	-8.0  	80    	3.3     	072   	101    	102       	-58.968909	-62.201986	-10.8   	-7.7      	297.91	313.83	0.8     	23.8         	255        	189      	0.105132 
104       	1003.4 	-8.1  	80    	3.4     	071   	103    	103       	-58.969031	-62.202004	-10.8   	-7.8      	297.99	314.14	0.8     	23.4         	255        	195      	0.105566 
106       	1003.2 	-8.2  	81    	3.5     	070   	104    	104       	-58.969175	-62.202031	-10.9   	-7.9      	298.06	314.41	0.6     	22.8         	255        	203      	0.106000 
108       	1003.1 	-8.2  	81    	3.6     	069   	105    	105       	-58.969337	-62.202066	-10.9   	-8.0      	298.13	314.64	0.5     	22.1         	255        	212      	0.106434 
110       	1003.0 	-8.3  	81    	3.7     	068   	106    	106       	-58.969499	-62.202100	-11.0   	-8.1      	298.22	314.86	0.5     	21.4         	254        	221      	0.106869 
112       	1002.8 	-8.4  	82    	3.8     	068   	107    	107       	-58.969661	-62.202135	-11.0   	-8.1      	298.28	315.07	0.5     	20.8         	254        	230      	0.107297 
114       	1002.7 	-8.5  	82    	4.0     	068   	108    	108       	-58.969823	-62.202169	-11.0   	-8.2      	298.35	315.27	0.5     	20.2         	253        	239      	0.107725 
116       	1002.6 	-8.6  	82    	4.1     	068   	109    	109       	-58.969985	-62.202204	-11.0   	-8.3      	298.41	315.49	0.5     	19.7         	253        	248      	0.108065 
118       	1002.5 	-8.6  	82    	4.2     	067   	110    	110       	-58.970147	-62.202238	-11.1   	-8.4      	298.47	315.69	0.5     	19.2         	253        	257      	0.108352 
120       	1002.4 	-8.7  	82    	4.3     	067   	111    	111       	-58.970309	-62.202273	-11.1   	-8.4      	298.53	315.89	0.5     	18.7         	253        	265      	0.108639 
122       	1002.2 	-8.8  	83    	4.4     	067   	112    	112       	-58.970471	-62.202307	-11.2   	-8.5      	298.59	316.11	0.5     	18.3         	252        	275      	0.108927 
124       	1002.1 	-8.8  	83    	4.5     	066   	113    	113       	-58.970633	-62.202342	-11.2   	-8.6      	298.64	316.30	0.5     	17.9         	252        	284      	0.109212 
126       	1002.0 	-8.9  	83    	4.6     	066   	113    	114       	-58.970795	-62.202376	-11.2   	-8.6      	298.68	316.48	0.5     	17.5         	252        	293      	0.109491 
128       	1001.9 	-8.9  	83    	4.7     	066   	114    	115       	-58.970957	-62.202411	-11.3   	-8.7      	298.71	316.66	0.5     	17.1         	252        	302      	0.109770 
130       	1001.8 	-9.0  	84    	4.9     	066   	115    	115       	-58.971119	-62.202445	-11.3   	-8.7      	298.75	316.85	0.5     	16.8         	251        	311      	0.110144 
132       	1001.6 	-9.1  	84    	4.8     	065   	116    	116       	-58.971281	-62.202480	-11.3   	-8.8      	298.79	317.03	0.5     	16.5         	251        	320      	0.110527 
134       	1001.5 	-9.1  	84    	4.7     	065   	117    	117       	-58.971443	-62.202514	-11.3   	-8.8      	298.83	317.22	0.5     	16.2         	251        	329      	0.110911 
136       	1001.4 	-9.2  	84    	4.6     	064   	118    	118       	-58.971580	-62.202540	-11.3   	-8.9      	298.88	317.40	0.4     	16.0         	251        	337      	0.111294 
138       	1001.3 	-9.2  	85    	4.5     	064   	119    	119       	-58.971697	-62.202559	-11.3   	-9.0      	298.92	317.57	0.4     	15.8         	251        	343      	0.111678 
140       	1001.2 	-9.3  	85    	4.4     	063   	120    	120       	-58.971815	-62.202578	-11.3   	-9.0      	298.96	317.73	0.4     	15.6         	251        	349      	0.112063 
142       	1001.1 	-9.3  	85    	4.3     	063   	120    	121       	-58.971932	-62.202596	-11.3   	-9.1      	299.01	317.90	0.4     	15.5         	251        	356      	0.112438 
144       	1001.0 	-9.4  	85    	4.3     	062   	121    	121       	-58.972049	-62.202615	-11.4   	-9.1      	299.06	318.07	0.4     	15.3         	251        	362      	0.112773 
146       	1000.9 	-9.4  	86    	4.2     	062   	122    	122       	-58.972167	-62.202634	-11.4   	-9.2      	299.10	318.24	0.4     	15.2         	251        	369      	0.113109 
148       	1000.8 	-9.5  	86    	4.1     	061   	123    	123       	-58.972284	-62.202653	-11.4   	-9.2      	299.14	318.41	0.4     	15.0         	251        	375      	0.113445 
150       	1000.7 	-9.5  	86    	4.0     	061   	124    	124       	-58.972401	-62.202672	-11.4   	-9.3      	299.19	318.58	0.4     	14.9         	251        	382      	0.113780 
152       	1000.6 	-9.6  	86    	3.8     	063   	124    	125       	-58.972519	-62.202691	-11.4   	-9.3      	299.22	318.74	0.4     	14.8         	251        	388      	0.114113 
154       	1000.5 	-9.6  	87    	3.7     	065   	125    	125       	-58.972636	-62.202710	-11.4   	-9.4      	299.26	318.90	0.4     	14.6         	251        	395      	0.114445 
156       	1000.4 	-9.7  	87    	3.6     	067   	126    	126       	-58.972753	-62.202729	-11.5   	-9.4      	299.29	319.05	0.4     	14.5         	251        	401      	0.114610 
158       	1000.3 	-9.7  	87    	3.5     	069   	127    	127       	-58.972871	-62.202747	-11.5   	-9.5      	299.31	319.18	0.4     	14.4         	251        	407      	0.114587 
160       	1000.2 	-9.8  	87    	3.4     	072   	127    	128       	-58.972988	-62.202766	-11.6   	-9.5      	299.33	319.33	0.4     	14.3         	251        	414      	0.114565 
162       	1000.1 	-9.8  	87    	3.2     	075   	128    	128       	-58.973105	-62.202785	-11.6   	-9.6      	299.35	319.47	0.4     	14.2         	251        	420      	0.114542 
164       	1000.0 	-9.8  	87    	3.1     	078   	129    	129       	-58.973223	-62.202804	-11.7   	-9.6      	299.37	319.62	0.4     	14.0         	251        	427      	0.114519 
166       	999.9  	-9.9  	87    	3.0     	081   	130    	130       	-58.973335	-62.202812	-11.7   	-9.7      	299.40	319.77	0.4     	14.0         	251        	433      	0.114500 
168       	999.8  	-10.0 	86    	2.9     	085   	131    	131       	-58.973440	-62.202800	-11.8   	-9.7      	299.42	319.91	0.4     	13.9         	252        	437      	0.114480 
170       	999.7  	-10.0 	86    	2.7     	089   	131    	132       	-58.973545	-62.202787	-11.6   	-9.8      	299.45	320.06	0.4     	13.9         	252        	442      	0.114356 
172       	999.6  	-10.1 	86    	2.7     	090   	132    	132       	-58.973649	-62.202775	-11.7   	-9.8      	299.47	320.20	0.4     	13.8         	252        	447      	0.114197 
174       	999.5  	-10.1 	86    	2.8     	092   	133    	133       	-58.973754	-62.202763	-11.8   	-9.9      	299.50	320.35	0.4     	13.7         	253        	452      	0.114037 
176       	999.4  	-10.2 	86    	2.8     	094   	134    	134       	-58.973858	-62.202751	-11.9   	-9.9      	299.52	320.48	0.4     	13.7         	253        	457      	0.113877 
178       	999.3  	-10.2 	86    	2.8     	095   	134    	135       	-58.973963	-62.202739	-11.9   	-10.0     	299.53	320.62	0.4     	13.6         	254        	462      	0.113713 
180       	999.2  	-10.2 	86    	2.8     	097   	135    	135       	-58.974067	-62.202726	-11.9   	-10.0     	299.52	320.71	0.4     	13.6         	254        	466      	0.113539 
182       	999.1  	-10.2 	86    	2.8     	098   	136    	136       	-58.974172	-62.202714	-12.0   	-10.0     	299.50	320.82	0.4     	13.5         	254        	471      	0.113370 
184       	999.0  	-10.3 	86    	2.8     	100   	137    	137       	-58.974276	-62.202702	-12.0   	-10.0     	299.50	320.93	0.4     	13.5         	255        	476      	0.113492 
186       	998.9  	-10.3 	86    	2.8     	101   	137    	137       	-58.974381	-62.202690	-12.0   	-10.1     	299.50	321.06	0.4     	13.4         	255        	481      	0.113614 
188       	998.8  	-10.3 	86    	2.9     	103   	138    	138       	-58.974486	-62.202678	-12.0   	-10.1     	299.50	321.16	0.4     	13.4         	255        	486      	0.113737 
190       	998.7  	-10.3 	86    	2.9     	104   	139    	139       	-58.974590	-62.202665	-12.0   	-10.1     	299.50	321.27	0.4     	13.3         	256        	491      	0.113859 
192       	998.6  	-10.3 	86    	2.8     	106   	140    	140       	-58.974695	-62.202653	-12.0   	-10.1     	299.49	321.39	0.4     	13.3         	256        	496      	0.113979 
194       	998.5  	-10.3 	86    	2.8     	107   	140    	140       	-58.974799	-62.202641	-12.0   	-10.1     	299.48	321.49	0.4     	13.2         	256        	501      	0.114098 
196       	998.4  	-10.4 	86    	2.7     	109   	141    	141       	-58.974900	-62.202626	-12.0   	-10.1     	299.46	321.60	0.4     	13.2         	257        	506      	0.114203 
198       	998.3  	-10.4 	86    	2.7     	110   	142    	142       	-58.974946	-62.202580	-12.0   	-10.1     	299.45	321.73	0.5     	13.3         	257        	507      	0.114275 
200       	998.2  	-10.4 	86    	2.6     	112   	143    	143       	-58.974991	-62.202534	-12.0   	-10.2     	299.43	321.85	0.5     	13.3         	258        	509      	0.114347 
202       	998.1  	-10.4 	86    	2.6     	113   	144    	144       	-58.975037	-62.202488	-12.0   	-10.2     	299.41	321.99	0.5     	13.4         	258        	510      	0.114420 
204       	997.9  	-10.4 	86    	2.6     	115   	145    	145       	-58.975082	-62.202442	-12.0   	-10.2     	299.39	322.11	0.5     	13.5         	259        	511      	0.114492 
206       	997.8  	-10.4 	86    	2.5     	116   	146    	146       	-58.975128	-62.202396	-12.1   	-10.2     	299.40	322.26	0.5     	13.5         	260        	513      	0.114573 
208       	997.7  	-10.5 	86    	2.5     	118   	147    	147       	-58.975174	-62.202350	-12.1   	-10.3     	299.40	322.40	0.5     	13.6         	260        	515      	0.114655 
210       	997.6  	-10.5 	86    	2.5     	120   	148    	148       	-58.975219	-62.202304	-12.1   	-10.3     	299.41	322.57	0.5     	13.7         	261        	516      	0.114723 
212       	997.5  	-10.5 	87    	2.6     	127   	148    	149       	-58.975265	-62.202258	-12.1   	-10.3     	299.42	322.71	0.5     	13.7         	262        	518      	0.114782 
214       	997.3  	-10.6 	87    	2.7     	134   	149    	150       	-58.975310	-62.202212	-12.2   	-10.4     	299.42	322.86	0.5     	13.8         	262        	520      	0.114840 
216       	997.2  	-10.6 	87    	2.8     	141   	150    	150       	-58.975356	-62.202166	-12.2   	-10.4     	299.43	323.01	0.5     	13.8         	263        	522      	0.114899 
218       	997.1  	-10.6 	87    	2.9     	148   	151    	151       	-58.975402	-62.202120	-12.2   	-10.4     	299.42	323.15	0.5     	13.9         	263        	524      	0.114953 
220       	997.0  	-10.6 	87    	3.1     	153   	152    	152       	-58.975447	-62.202074	-12.2   	-10.4     	299.38	323.26	0.5     	13.9         	264        	526      	0.114993 
222       	996.9  	-10.6 	87    	3.2     	159   	153    	153       	-58.975493	-62.202028	-12.2   	-10.4     	299.33	323.36	0.5     	14.0         	265        	528      	0.115033 
224       	996.7  	-10.6 	87    	3.3     	164   	154    	154       	-58.975538	-62.201982	-12.2   	-10.4     	299.29	323.46	0.5     	14.0         	265        	530      	0.115129 
226       	996.6  	-10.6 	87    	3.4     	168   	155    	155       	-58.975576	-62.201934	-12.2   	-10.4     	299.25	323.56	0.5     	14.1         	266        	531      	0.115235 
228       	996.5  	-10.6 	87    	3.6     	172   	156    	156       	-58.975497	-62.201854	-12.1   	-10.4     	299.21	323.66	0.4     	14.3         	267        	527      	0.115341 
230       	996.4  	-10.6 	87    	3.7     	175   	157    	157       	-58.975419	-62.201774	-12.1   	-10.4     	299.17	323.75	0.4     	14.5         	268        	523      	0.115447 
232       	996.3  	-10.6 	87    	3.8     	178   	157    	158       	-58.975340	-62.201694	-12.1   	-10.4     	299.16	323.85	0.4     	14.7         	269        	519      	0.115561 
234       	996.2  	-10.6 	87    	3.9     	181   	158    	158       	-58.975261	-62.201615	-12.1   	-10.4     	299.16	323.98	0.4     	14.9         	270        	515      	0.115683 
236       	996.1  	-10.6 	87    	4.0     	184   	159    	159       	-58.975182	-62.201535	-12.2   	-10.4     	299.16	324.13	0.4     	15.1         	271        	511      	0.115737 
238       	996.0  	-10.7 	87    	4.1     	187   	160    	160       	-58.975103	-62.201455	-12.2   	-10.5     	299.15	324.24	0.4     	15.3         	272        	508      	0.115375 
240       	995.9  	-10.7 	87    	4.3     	189   	161    	161       	-58.975024	-62.201376	-12.3   	-10.5     	299.13	324.35	0.4     	15.5         	273        	504      	0.115012 
242       	995.8  	-10.7 	86    	4.4     	192   	162    	162       	-58.974945	-62.201296	-12.4   	-10.5     	299.12	324.47	0.4     	15.8         	274        	501      	0.114650 
244       	995.6  	-10.7 	86    	4.5     	194   	162    	163       	-58.974866	-62.201216	-12.4   	-10.5     	299.10	324.58	0.4     	15.9         	275        	498      	0.114287 
246       	995.5  	-10.8 	86    	4.6     	197   	163    	163       	-58.974788	-62.201136	-12.5   	-10.6     	299.12	324.72	0.4     	16.1         	276        	495      	0.113937 
248       	995.4  	-10.9 	86    	4.7     	199   	164    	164       	-58.974709	-62.201057	-12.6   	-10.7     	299.14	324.89	0.4     	16.3         	277        	493      	0.113590 
250       	995.3  	-10.9 	85    	4.8     	201   	165    	165       	-58.974630	-62.200977	-12.7   	-10.7     	299.17	325.05	0.4     	16.5         	278        	490      	0.113310 
252       	995.2  	-11.0 	85    	5.0     	204   	166    	166       	-58.974551	-62.200897	-12.8   	-10.8     	299.21	325.21	0.4     	16.7         	280        	488      	0.113121 
254       	995.1  	-11.1 	85    	5.2     	208   	167    	167       	-58.974472	-62.200818	-12.9   	-10.9     	299.24	325.38	0.4     	16.9         	281        	486      	0.112931 
256       	995.0  	-11.1 	85    	5.4     	211   	167    	168       	-58.974393	-62.200738	-13.0   	-10.9     	299.28	325.54	0.4     	17.1         	282        	484      	0.112742 
258       	994.9  	-11.2 	85    	5.5     	214   	168    	168       	-58.974199	-62.200663	-13.0   	-11.0     	299.31	325.69	0.3     	17.4         	283        	476      	0.112553 
260       	994.8  	-11.3 	84    	5.7     	217   	169    	169       	-58.973978	-62.200589	-13.1   	-11.1     	299.36	325.83	0.3     	17.8         	285        	468      	0.112366 
262       	994.7  	-11.3 	84    	5.9     	219   	169    	170       	-58.973758	-62.200515	-13.2   	-11.1     	299.41	325.99	0.3     	18.2         	286        	460      	0.112179 
264       	994.7  	-11.4 	84    	6.0     	222   	170    	170       	-58.973537	-62.200441	-13.3   	-11.2     	299.46	326.13	0.3     	18.7         	288        	452      	0.112073 
266       	994.6  	-11.5 	84    	6.2     	224   	171    	171       	-58.973317	-62.200367	-13.4   	-11.3     	299.51	326.29	0.3     	19.1         	289        	444      	0.112001 
268       	994.5  	-11.5 	84    	6.3     	226   	171    	172       	-58.973096	-62.200294	-13.5   	-11.3     	299.56	326.44	0.3     	19.5         	291        	437      	0.111929 
270       	994.4  	-11.6 	84    	6.6     	228   	172    	172       	-58.972876	-62.200220	-13.5   	-11.4     	299.61	326.60	0.3     	19.9         	292        	430      	0.111858 
272       	994.3  	-11.7 	84    	6.6     	229   	173    	173       	-58.972656	-62.200146	-13.6   	-11.5     	299.67	326.75	0.3     	20.3         	294        	423      	0.111788 
274       	994.2  	-11.8 	84    	6.7     	230   	173    	173       	-58.972435	-62.200072	-13.7   	-11.6     	299.74	326.93	0.3     	20.8         	296        	417      	0.111723 
276       	994.2  	-11.8 	84    	6.8     	231   	174    	174       	-58.972215	-62.199998	-13.8   	-11.7     	299.81	327.10	0.3     	21.2         	298        	411      	0.111659 
278       	994.1  	-11.9 	84    	6.8     	232   	175    	175       	-58.971994	-62.199924	-13.9   	-11.8     	299.89	327.29	0.3     	21.6         	300        	405      	0.111734 
280       	994.0  	-12.0 	84    	6.9     	233   	175    	175       	-58.971774	-62.199850	-14.0   	-11.8     	299.97	327.46	0.3     	22.0         	302        	400      	0.111812 
282       	993.9  	-12.1 	84    	7.0     	234   	176    	176       	-58.971554	-62.199776	-14.0   	-11.9     	300.04	327.64	0.3     	22.3         	304        	396      	0.111891 
284       	993.8  	-12.2 	84    	7.0     	235   	176    	177       	-58.971333	-62.199703	-14.1   	-12.0     	300.11	327.81	0.3     	22.7         	306        	392      	0.111969 
286       	993.7  	-12.3 	84    	7.1     	236   	177    	177       	-58.971113	-62.199629	-14.2   	-12.1     	300.16	327.97	0.3     	23.0         	308        	388      	0.112041 
288       	993.6  	-12.3 	84    	7.2     	237   	178    	179       	-58.970940	-62.199556	-14.2   	-12.1     	300.20	328.21	0.6     	23.3         	310        	387      	0.112109 
290       	993.3  	-12.4 	84    	7.3     	237   	180    	180       	-58.970804	-62.199484	-14.3   	-12.2     	300.21	328.48	0.9     	23.5         	312        	387      	0.112168 
292       	993.1  	-12.4 	84    	7.1     	237   	182    	182       	-58.970668	-62.199413	-14.4   	-12.3     	300.21	328.75	0.9     	23.8         	313        	388      	0.112204 
294       	992.9  	-12.5 	84    	6.9     	236   	184    	184       	-58.970531	-62.199341	-14.4   	-12.3     	300.21	329.04	0.9     	24.0         	315        	389      	0.112240 
296       	992.7  	-12.6 	84    	6.7     	234   	185    	186       	-58.970395	-62.199269	-14.5   	-12.4     	300.22	329.31	0.9     	24.2         	317        	391      	0.112276 
298       	992.4  	-12.6 	84    	6.5     	233   	187    	187       	-58.970259	-62.199198	-14.5   	-12.5     	300.22	329.60	0.9     	24.3         	318        	392      	0.112311 
300       	992.2  	-12.7 	84    	6.3     	232   	189    	189       	-58.970122	-62.199126	-14.6   	-12.5     	300.24	329.88	0.9     	24.5         	320        	394      	0.112351 
302       	992.0  	-12.8 	84    	6.2     	231   	191    	191       	-58.969986	-62.199054	-14.7   	-12.6     	300.25	330.18	0.9     	24.6         	322        	397      	0.112391 
304       	991.7  	-12.8 	84    	6.0     	230   	192    	193       	-58.969849	-62.198983	-14.8   	-12.7     	300.27	330.46	0.9     	24.7         	323        	399      	0.112379 
306       	991.5  	-12.9 	84    	5.8     	228   	194    	194       	-58.969713	-62.198911	-14.8   	-12.7     	300.28	330.74	0.9     	24.8         	325        	402      	0.112322 
308       	991.3  	-13.0 	84    	5.7     	227   	196    	196       	-58.969577	-62.198840	-14.9   	-12.8     	300.29	331.03	0.9     	24.9         	327        	405      	0.112265 
310       	991.1  	-13.1 	84    	5.5     	225   	198    	198       	-58.969440	-62.198768	-15.0   	-12.9     	300.30	331.31	0.9     	24.9         	328        	409      	0.112208 
312       	990.8  	-13.1 	84    	5.3     	223   	199    	200       	-58.969304	-62.198696	-15.1   	-13.0     	300.31	331.60	0.9     	24.9         	330        	412      	0.112149 
314       	990.6  	-13.2 	84    	5.2     	221   	201    	201       	-58.969168	-62.198625	-15.1   	-13.0     	300.31	331.87	0.9     	25.0         	331        	416      	0.112087 
316       	990.4  	-13.2 	84    	5.0     	218   	203    	203       	-58.969031	-62.198553	-15.2   	-13.1     	300.31	332.13	0.9     	24.9         	333        	420      	0.112025 
318       	990.2  	-13.3 	84    	4.8     	216   	205    	205       	-58.969009	-62.198481	-15.3   	-13.1     	300.31	332.42	0.9     	24.8         	334        	427      	0.112056 
320       	989.9  	-13.4 	84    	4.6     	213   	206    	207       	-58.968995	-62.198410	-15.3   	-13.2     	300.31	332.69	0.9     	24.6         	334        	434      	0.112124 
322       	989.7  	-13.4 	84    	4.5     	209   	208    	208       	-58.968981	-62.198338	-15.4   	-13.3     	300.32	332.96	0.9     	24.4         	335        	441      	0.112192 
324       	989.5  	-13.5 	84    	4.3     	206   	210    	210       	-58.968968	-62.198267	-15.4   	-13.3     	300.32	333.23	0.9     	24.3         	335        	448      	0.112260 
326       	989.3  	-13.5 	84    	4.1     	202   	211    	212       	-58.968954	-62.198195	-15.5   	-13.4     	300.31	333.49	0.9     	24.1         	336        	455      	0.112323 
328       	989.0  	-13.5 	84    	4.0     	198   	213    	213       	-58.968941	-62.198123	-15.5   	-13.4     	300.27	333.71	0.9     	23.9         	336        	462      	0.112374 
330       	988.8  	-13.6 	84    	3.8     	194   	215    	215       	-58.968927	-62.198052	-15.5   	-13.4     	300.23	333.94	0.9     	23.8         	337        	469      	0.112425 
332       	988.6  	-13.6 	84    	3.9     	192   	216    	217       	-58.968913	-62.197980	-15.5   	-13.4     	300.19	334.16	0.9     	23.6         	337        	476      	0.112579 
334       	988.4  	-13.6 	84    	3.9     	191   	218    	219       	-58.968900	-62.197909	-15.5   	-13.4     	300.15	334.41	0.9     	23.5         	338        	484      	0.112781 
336       	988.2  	-13.6 	84    	4.0     	189   	220    	220       	-58.968886	-62.197837	-15.5   	-13.5     	300.12	334.64	0.9     	23.3         	338        	491      	0.112983 
338       	987.9  	-13.6 	84    	4.0     	188   	222    	222       	-58.968873	-62.197766	-15.5   	-13.5     	300.08	334.87	0.9     	23.2         	339        	498      	0.113185 
340       	987.7  	-13.7 	84    	4.1     	186   	223    	224       	-58.968859	-62.197694	-15.5   	-13.5     	300.04	335.10	0.9     	23.0         	339        	505      	0.113385 
342       	987.5  	-13.7 	85    	4.2     	185   	225    	225       	-58.968845	-62.197622	-15.5   	-13.5     	299.99	335.31	0.9     	22.9         	340        	513      	0.113580 
344       	987.3  	-13.7 	85    	4.3     	183   	227    	227       	-58.968832	-62.197551	-15.5   	-13.5     	299.93	335.52	0.9     	22.8         	340        	520      	0.113776 
346       	987.0  	-13.7 	85    	4.3     	182   	228    	229       	-58.968818	-62.197479	-15.5   	-13.5     	299.87	335.73	0.9     	22.6         	341        	527      	0.113785 
348       	986.8  	-13.7 	85    	4.4     	181   	230    	231       	-58.968798	-62.197401	-15.5   	-13.5     	299.81	335.93	0.9     	22.5         	341        	535      	0.113735 
350       	986.6  	-13.7 	85    	4.5     	179   	232    	232       	-58.968737	-62.197281	-15.5   	-13.5     	299.75	336.11	0.8     	22.2         	342        	547      	0.113686 
352       	986.4  	-13.7 	85    	4.7     	182   	233    	234       	-58.968676	-62.197162	-15.5   	-13.5     	299.70	336.29	0.7     	21.8         	343        	558      	0.113637 
354       	986.2  	-13.7 	85    	4.9     	183   	235    	235       	-58.968615	-62.197042	-15.5   	-13.5     	299.66	336.50	0.7     	21.5         	343        	570      	0.113597 
356       	986.0  	-13.7 	85    	5.2     	185   	236    	236       	-58.968554	-62.196922	-15.6   	-13.6     	299.66	336.73	0.7     	21.2         	344        	581      	0.113567 
358       	985.9  	-13.8 	85    	5.4     	187   	238    	238       	-58.968493	-62.196803	-15.6   	-13.6     	299.66	336.96	0.7     	21.0         	345        	593      	0.113534 
360       	985.7  	-13.8 	84    	5.7     	188   	239    	239       	-58.968432	-62.196683	-15.7   	-13.7     	299.66	337.18	0.7     	20.7         	345        	605      	0.113467 
362       	985.5  	-13.9 	84    	5.9     	189   	241    	241       	-58.968371	-62.196563	-15.7   	-13.7     	299.65	337.41	0.7     	20.4         	346        	617      	0.113400 
364       	985.3  	-13.9 	84    	6.2     	191   	242    	242       	-58.968310	-62.196443	-15.8   	-13.8     	299.65	337.64	0.7     	20.1         	347        	629      	0.113333 
366       	985.1  	-14.0 	84    	6.4     	192   	244    	244       	-58.968249	-62.196324	-15.9   	-13.8     	299.65	337.88	0.7     	19.9         	347        	641      	0.113267 
368       	984.9  	-14.0 	84    	6.7     	193   	245    	245       	-58.968188	-62.196204	-15.9   	-13.9     	299.64	338.10	0.7     	19.7         	348        	653      	0.113197 
370       	984.7  	-14.1 	84    	7.0     	194   	246    	247       	-58.968126	-62.196084	-15.9   	-13.9     	299.61	338.30	0.7     	19.4         	348        	665      	0.113122 
372       	984.5  	-14.1 	84    	7.0     	194   	248    	248       	-58.968065	-62.195965	-16.0   	-14.0     	299.59	338.51	0.7     	19.2         	349        	677      	0.112988 
374       	984.3  	-14.1 	84    	7.1     	195   	249    	250       	-58.968004	-62.195845	-16.0   	-14.0     	299.56	338.71	0.7     	19.0         	349        	690      	0.112760 
376       	984.1  	-14.2 	84    	7.1     	196   	251    	251       	-58.967943	-62.195725	-16.1   	-14.0     	299.53	338.92	0.7     	18.7         	350        	702      	0.112532 
378       	983.9  	-14.2 	83    	7.2     	196   	252    	253       	-58.967882	-62.195606	-16.2   	-14.0     	299.49	339.12	0.7     	18.5         	350        	714      	0.112304 
380       	983.8  	-14.2 	83    	7.2     	197   	254    	254       	-58.967790	-62.195482	-16.2   	-14.1     	299.47	339.30	0.7     	18.3         	351        	727      	0.112076 
382       	983.6  	-14.3 	83    	7.3     	198   	255    	255       	-58.967680	-62.195358	-16.3   	-14.1     	299.47	339.49	0.6     	18.1         	352        	740      	0.111853 
384       	983.5  	-14.3 	83    	7.3     	198   	256    	256       	-58.967570	-62.195233	-16.4   	-14.2     	299.48	339.68	0.6     	17.9         	352        	752      	0.111636 
386       	983.3  	-14.4 	83    	7.4     	199   	257    	258       	-58.967460	-62.195108	-16.4   	-14.2     	299.49	339.88	0.6     	17.6         	353        	765      	0.111423 
388       	983.1  	-14.4 	83    	7.4     	200   	259    	259       	-58.967350	-62.194983	-16.5   	-14.3     	299.50	340.08	0.6     	17.4         	353        	778      	0.111212 
390       	983.0  	-14.5 	82    	7.5     	200   	260    	260       	-58.967240	-62.194858	-16.6   	-14.4     	299.51	340.28	0.6     	17.2         	354        	791      	0.111001 
392       	982.8  	-14.6 	82    	7.5     	200   	261    	261       	-58.967130	-62.194733	-16.7   	-14.4     	299.52	340.48	0.6     	17.0         	354        	804      	0.110790 
394       	982.7  	-14.6 	82    	7.5     	201   	262    	262       	-58.967021	-62.194608	-16.7   	-14.5     	299.53	340.68	0.6     	16.8         	355        	817      	0.110579 
396       	982.5  	-14.7 	82    	7.4     	201   	263    	264       	-58.966911	-62.194483	-16.8   	-14.5     	299.53	340.87	0.6     	16.6         	355        	830      	0.110365 
398       	982.4  	-14.7 	82    	7.4     	201   	265    	265       	-58.966801	-62.194358	-16.9   	-14.6     	299.53	341.06	0.6     	16.5         	356        	843      	0.110151 
400       	982.2  	-14.8 	82    	7.4     	201   	266    	266       	-58.966691	-62.194233	-16.9   	-14.6     	299.55	341.26	0.6     	16.3         	356        	857      	0.110192 
402       	982.0  	-14.8 	82    	7.4     	201   	267    	267       	-58.966581	-62.194108	-17.0   	-14.7     	299.56	341.46	0.6     	16.1         	357        	870      	0.110249 
404       	981.9  	-14.9 	82    	7.4     	201   	268    	268       	-58.966471	-62.193984	-17.0   	-14.7     	299.57	341.66	0.6     	15.9         	357        	883      	0.110305 
406       	981.7  	-14.9 	82    	7.4     	202   	269    	270       	-58.966361	-62.193859	-17.1   	-14.8     	299.59	341.87	0.6     	15.8         	358        	897      	0.110362 
408       	981.6  	-15.0 	82    	7.4     	202   	271    	271       	-58.966251	-62.193734	-17.1   	-14.8     	299.60	342.07	0.6     	15.6         	358        	910      	0.110419 
410       	981.4  	-15.0 	82    	7.4     	202   	272    	272       	-58.966132	-62.193621	-17.2   	-14.9     	299.62	342.25	0.5     	15.5         	359        	923      	0.110477 
412       	981.3  	-15.1 	82    	7.3     	202   	273    	273       	-58.966008	-62.193513	-17.2   	-14.9     	299.65	342.44	0.5     	15.3         	359        	934      	0.110535 
414       	981.2  	-15.1 	82    	7.3     	203   	274    	274       	-58.965884	-62.193406	-17.3   	-15.0     	299.67	342.62	0.5     	15.2         	359        	946      	0.110590 
416       	981.0  	-15.2 	82    	7.3     	203   	275    	275       	-58.965759	-62.193299	-17.3   	-15.0     	299.69	342.81	0.5     	15.1         	360        	958      	0.110646 
418       	980.9  	-15.2 	82    	7.2     	204   	276    	276       	-58.965635	-62.193192	-17.4   	-15.1     	299.72	342.99	0.5     	14.9         	000        	970      	0.110701 
420       	980.8  	-15.3 	82    	7.2     	204   	277    	277       	-58.965511	-62.193085	-17.4   	-15.2     	299.74	343.18	0.5     	14.8         	001        	981      	0.110756 
422       	980.6  	-15.3 	82    	7.1     	205   	278    	278       	-58.965387	-62.192978	-17.5   	-15.2     	299.77	343.37	0.5     	14.7         	001        	993      	0.110812 
424       	980.5  	-15.4 	82    	7.1     	205   	279    	279       	-58.965263	-62.192871	-17.5   	-15.3     	299.79	343.55	0.5     	14.6         	001        	1005     	0.110867 
426       	980.4  	-15.4 	82    	7.0     	206   	280    	280       	-58.965139	-62.192763	-17.6   	-15.3     	299.81	343.73	0.5     	14.5         	002        	1017     	0.110922 
428       	980.2  	-15.5 	82    	7.0     	206   	281    	281       	-58.965015	-62.192656	-17.6   	-15.4     	299.84	343.92	0.5     	14.4         	002        	1029     	0.111027 
430       	980.1  	-15.5 	82    	7.0     	206   	282    	282       	-58.964891	-62.192549	-17.6   	-15.4     	299.86	344.11	0.5     	14.2         	002        	1041     	0.111135 
432       	980.0  	-15.6 	82    	6.9     	207   	283    	283       	-58.964766	-62.192442	-17.7   	-15.5     	299.89	344.29	0.5     	14.1         	003        	1053     	0.111242 
434       	979.8  	-15.6 	82    	6.9     	208   	284    	284       	-58.964642	-62.192335	-17.7   	-15.5     	299.91	344.47	0.5     	14.0         	003        	1066     	0.111350 
436       	979.7  	-15.7 	82    	6.8     	209   	285    	285       	-58.964518	-62.192228	-17.8   	-15.6     	299.94	344.65	0.5     	13.9         	003        	1078     	0.111458 
438       	979.6  	-15.8 	82    	6.8     	209   	286    	286       	-58.964394	-62.192121	-17.8   	-15.7     	299.99	344.88	0.5     	13.8         	004        	1090     	0.111576 
440       	979.3  	-15.9 	82    	6.7     	210   	288    	288       	-58.964269	-62.192021	-17.9   	-15.7     	299.99	345.19	1.0     	13.8         	004        	1102     	0.111712 
442       	979.0  	-15.9 	83    	6.7     	211   	290    	291       	-58.964143	-62.191925	-18.0   	-15.8     	300.00	345.59	1.2     	13.8         	004        	1113     	0.111973 
444       	978.7  	-16.0 	83    	6.6     	211   	293    	293       	-58.964018	-62.191829	-18.0   	-15.9     	300.01	345.99	1.2     	13.8         	005        	1124     	0.112234 
446       	978.3  	-16.1 	83    	6.6     	212   	295    	296       	-58.963893	-62.191733	-18.1   	-16.0     	300.01	346.37	1.2     	13.7         	005        	1136     	0.112495 
448       	978.0  	-16.2 	83    	6.6     	213   	298    	298       	-58.963767	-62.191637	-18.1   	-16.0     	300.01	346.77	1.2     	13.7         	005        	1147     	0.112756 
450       	977.7  	-16.2 	83    	6.5     	214   	300    	301       	-58.963642	-62.191540	-18.2   	-16.1     	300.02	347.15	1.2     	13.7         	005        	1159     	0.113018 
452       	977.4  	-16.3 	84    	6.5     	213   	303    	303       	-58.963516	-62.191444	-18.2   	-16.2     	300.00	347.52	1.2     	13.7         	006        	1171     	0.113272 
454       	977.1  	-16.3 	84    	6.5     	213   	305    	306       	-58.963391	-62.191348	-18.2   	-16.2     	299.98	347.90	1.2     	13.7         	006        	1182     	0.113520 
456       	976.7  	-16.4 	84    	6.4     	213   	308    	308       	-58.963265	-62.191252	-18.3   	-16.3     	299.95	348.25	1.2     	13.7         	006        	1194     	0.113535 
458       	976.4  	-16.5 	84    	6.4     	212   	310    	311       	-58.963140	-62.191156	-18.4   	-16.3     	299.93	348.61	1.2     	13.7         	007        	1205     	0.113549 
460       	976.1  	-16.5 	84    	6.3     	212   	313    	313       	-58.963014	-62.191060	-18.4   	-16.4     	299.90	348.96	1.2     	13.6         	007        	1217     	0.113563 
462       	975.8  	-16.6 	84    	6.3     	212   	315    	315       	-58.962889	-62.190963	-18.5   	-16.5     	299.87	349.32	1.2     	13.6         	007        	1229     	0.113577 
464       	975.3  	-16.6 	84    	6.3     	211   	318    	318       	-58.962763	-62.190867	-18.5   	-16.5     	299.79	349.63	1.2     	13.6         	007        	1240     	0.113591 
466       	974.8  	-16.6 	84    	6.2     	211   	320    	320       	-58.962638	-62.190771	-18.5   	-16.5     	299.60	349.82	1.2     	13.6         	008        	1252     	0.113565 
468       	974.3  	-16.6 	84    	6.2     	211   	327    	327       	-58.962512	-62.190675	-18.5   	-16.5     	299.41	350.67	3.3     	13.8         	008        	1265     	0.113563 
470       	973.0  	-16.5 	84    	6.2     	210   	336    	337       	-58.962398	-62.190579	-18.4   	-16.4     	298.99	351.79	4.9     	14.1         	008        	1278     	0.113647 
472       	971.7  	-16.5 	84    	6.1     	210   	346    	347       	-58.962307	-62.190486	-18.4   	-16.4     	298.57	352.92	4.9     	14.4         	008        	1291     	0.113730 
474       	970.5  	-16.5 	84    	6.1     	209   	356    	357       	-58.962216	-62.190392	-18.4   	-16.4     	298.15	354.04	4.9     	14.7         	008        	1305     	0.113814 
476       	969.2  	-16.4 	84    	6.0     	208   	366    	366       	-58.962125	-62.190298	-18.3   	-16.3     	297.73	355.17	4.9     	15.0         	008        	1318     	0.113897 
478       	967.9  	-16.4 	84    	6.0     	207   	376    	376       	-58.962034	-62.190205	-18.3   	-16.3     	297.32	356.30	4.9     	15.3         	009        	1331     	0.113984 
480       	966.7  	-16.4 	84    	5.9     	206   	386    	386       	-58.961943	-62.190111	-18.3   	-16.3     	296.93	357.47	4.9     	15.5         	009        	1344     	0.114080 
482       	965.4  	-16.4 	84    	5.9     	205   	395    	396       	-58.961852	-62.190017	-18.3   	-16.3     	296.54	358.62	4.9     	15.8         	009        	1357     	0.114119 
484       	964.1  	-16.4 	84    	5.8     	204   	405    	406       	-58.961762	-62.189923	-18.2   	-16.3     	296.15	359.79	4.9     	16.1         	009        	1371     	0.114104 
486       	962.9  	-16.4 	84    	5.8     	203   	415    	416       	-58.961671	-62.189830	-18.2   	-16.3     	295.76	360.93	4.9     	16.3         	009        	1384     	0.114089 
488       	961.6  	-16.4 	84    	5.7     	202   	425    	426       	-58.961580	-62.189736	-18.2   	-16.3     	295.38	362.10	4.9     	16.6         	009        	1398     	0.114073 
490       	960.3  	-16.4 	84    	5.7     	201   	435    	435       	-58.961489	-62.189642	-18.2   	-16.3     	294.99	363.25	4.9     	16.9         	009        	1411     	0.114058 
492       	959.1  	-16.4 	84    	5.7     	202   	445    	445       	-58.961398	-62.189549	-18.3   	-16.3     	294.63	364.45	4.9     	17.1         	009        	1425     	0.114054 
494       	957.6  	-16.4 	84    	5.7     	204   	455    	455       	-58.961307	-62.189455	-18.3   	-16.3     	294.23	365.59	4.9     	17.4         	010        	1438     	0.114058 
496       	956.2  	-16.5 	84    	5.8     	205   	464    	465       	-58.961216	-62.189361	-18.4   	-16.4     	293.82	366.73	4.9     	17.6         	010        	1452     	0.113724 
498       	954.7  	-16.5 	83    	5.8     	206   	479    	480       	-58.961125	-62.189267	-18.4   	-16.4     	293.41	368.60	7.2     	18.0         	010        	1467     	0.113297 
500       	952.0  	-16.6 	83    	5.8     	208   	500    	501       	-58.961026	-62.189175	-18.5   	-16.4     	292.61	371.16	10.7    	18.7         	010        	1484     	0.112870 
502       	949.3  	-16.6 	83    	5.9     	209   	522    	522       	-58.960821	-62.189105	-18.6   	-16.5     	291.82	373.73	10.7    	19.3         	010        	1500     	0.112443 
504       	946.6  	-16.6 	82    	5.9     	210   	543    	544       	-58.960616	-62.189035	-18.7   	-16.5     	291.03	376.29	10.7    	20.0         	011        	1516     	0.112016 
506       	943.9  	-16.7 	82    	5.9     	211   	565    	565       	-58.960410	-62.188964	-18.8   	-16.6     	290.26	378.88	10.7    	20.6         	011        	1533     	0.111597 
508       	941.2  	-16.7 	82    	6.0     	212   	586    	587       	-58.960205	-62.188894	-18.9   	-16.6     	289.49	381.48	10.7    	21.2         	011        	1549     	0.111203 
510       	938.5  	-16.8 	82    	6.0     	214   	607    	608       	-58.960000	-62.188824	-18.9   	-16.7     	288.75	384.09	10.7    	21.8         	012        	1566     	0.111185 
512       	935.8  	-16.9 	82    	6.1     	217   	629    	630       	-58.959795	-62.188753	-19.0   	-16.7     	288.00	386.71	10.7    	22.4         	012        	1584     	0.111168 
514       	933.2  	-16.9 	82    	6.2     	220   	650    	651       	-58.959589	-62.188683	-19.1   	-16.8     	287.26	389.33	10.7    	23.0         	012        	1601     	0.111150 
516       	930.5  	-17.0 	82    	6.3     	223   	672    	672       	-58.959384	-62.188613	-19.1   	-16.9     	286.52	391.96	10.7    	23.5         	013        	1619     	0.111133 
518       	927.8  	-17.0 	82    	6.4     	226   	693    	694       	-58.959179	-62.188542	-19.2   	-16.9     	285.78	394.58	10.7    	24.1         	013        	1636     	0.111115 
520       	925.2  	-17.1 	82    	6.4     	228   	714    	715       	-58.958974	-62.188472	-19.2   	-17.0     	285.04	397.21	10.7    	24.6         	013        	1654     	0.111099 
522       	922.6  	-17.2 	82    	6.5     	231   	736    	737       	-58.958769	-62.188402	-19.3   	-17.0     	284.31	399.83	10.7    	25.1         	014        	1673     	0.111062 
524       	922.0  	-17.2 	82    	6.6     	234   	757    	758       	-58.958563	-62.188331	-19.4   	-17.1     	284.20	403.08	10.7    	25.6         	014        	1691     	0.110986 
526       	921.4  	-17.3 	81    	6.7     	236   	757    	758       	-58.958358	-62.188261	-19.5   	-17.2     	284.10	402.91	-0.2    	25.5         	014        	1700     	0.110911 
528       	920.9  	-17.3 	81    	6.7     	239   	750    	751       	-58.958153	-62.188191	-19.5   	-17.2     	283.99	401.66	-3.6    	25.1         	015        	1706     	0.110835 
530       	921.8  	-17.4 	81    	6.8     	241   	742    	743       	-58.957958	-62.188117	-19.6   	-17.3     	284.33	400.85	-3.6    	24.7         	015        	1713     	0.110760 
532       	922.7  	-17.5 	81    	6.7     	242   	735    	736       	-58.957813	-62.188025	-19.7   	-17.4     	284.66	400.06	-3.6    	24.3         	015        	1721     	0.110684 
534       	923.6  	-17.5 	81    	6.6     	243   	728    	729       	-58.957668	-62.187934	-19.7   	-17.4     	285.00	399.24	-3.6    	24.0         	015        	1728     	0.110608 
536       	924.5  	-17.6 	81    	6.5     	243   	720    	721       	-58.957524	-62.187843	-19.8   	-17.5     	285.33	398.44	-3.6    	23.6         	016        	1736     	0.110591 
538       	925.4  	-17.6 	81    	6.4     	244   	713    	714       	-58.957379	-62.187752	-19.8   	-17.5     	285.67	397.65	-3.6    	23.2         	016        	1744     	0.110673 
540       	926.3  	-17.7 	81    	6.3     	245   	706    	707       	-58.957234	-62.187660	-19.9   	-17.6     	286.02	396.84	-3.6    	22.8         	016        	1752     	0.110755 
542       	927.2  	-17.8 	81    	6.2     	245   	699    	700       	-58.957089	-62.187569	-19.9   	-17.7     	286.36	396.04	-3.6    	22.5         	016        	1760     	0.110837 
544       	928.1  	-17.8 	81    	6.2     	246   	691    	692       	-58.956944	-62.187478	-20.0   	-17.7     	286.70	395.25	-3.6    	22.1         	016        	1769     	0.110919 
546       	929.0  	-17.9 	81    	6.1     	247   	684    	685       	-58.956799	-62.187387	-20.0   	-17.8     	287.04	394.45	-3.6    	21.8         	016        	1777     	0.110999 
548       	929.9  	-17.9 	81    	6.0     	248   	677    	678       	-58.956654	-62.187296	-20.1   	-17.8     	287.37	393.63	-3.6    	21.4         	016        	1785     	0.111076 
550       	930.8  	-18.0 	81    	5.9     	249   	670    	671       	-58.956509	-62.187204	-20.1   	-17.9     	287.70	392.83	-3.6    	21.0         	017        	1794     	0.111100 
552       	931.7  	-18.0 	81    	6.0     	243   	662    	663       	-58.956364	-62.187113	-20.2   	-17.9     	288.02	392.01	-3.6    	20.7         	017        	1802     	0.111030 
554       	932.6  	-18.1 	81    	6.2     	237   	655    	656       	-58.956219	-62.187022	-20.2   	-17.9     	288.35	391.18	-3.6    	20.3         	017        	1811     	0.110960 
556       	933.5  	-18.1 	81    	6.4     	231   	648    	649       	-58.956074	-62.186931	-20.3   	-18.0     	288.67	390.38	-3.6    	20.0         	017        	1820     	0.110889 
558       	934.4  	-18.1 	81    	6.5     	225   	641    	641       	-58.955929	-62.186840	-20.3   	-18.0     	289.00	389.56	-3.6    	19.7         	017        	1828     	0.110819 
560       	935.1  	-18.2 	81    	6.7     	219   	633    	634       	-58.955784	-62.186748	-20.4   	-18.1     	289.28	388.69	-3.6    	19.3         	017        	1837     	0.110755 
562       	935.8  	-18.3 	81    	6.9     	214   	628    	629       	-58.955568	-62.186734	-20.5   	-18.2     	289.58	388.24	-2.4    	19.1         	018        	1840     	0.110702 
564       	936.5  	-18.4 	81    	7.0     	209   	624    	625       	-58.955343	-62.186730	-20.6   	-18.3     	289.89	387.83	-2.3    	18.9         	018        	1842     	0.110767 
566       	937.1  	-18.5 	81    	7.2     	205   	619    	620       	-58.955118	-62.186727	-20.7   	-18.4     	290.17	387.40	-2.3    	18.8         	018        	1845     	0.110903 
568       	937.6  	-18.5 	81    	7.4     	201   	615    	616       	-58.954892	-62.186723	-20.7   	-18.4     	290.45	386.96	-2.3    	18.6         	019        	1847     	0.111040 
570       	938.2  	-18.6 	81    	7.5     	197   	610    	611       	-58.954667	-62.186719	-20.8   	-18.5     	290.72	386.51	-2.3    	18.4         	019        	1850     	0.111176 
572       	938.8  	-18.7 	81    	7.5     	203   	606    	606       	-58.954442	-62.186715	-20.9   	-18.6     	291.00	386.08	-2.3    	18.2         	019        	1852     	0.111313 
574       	939.4  	-18.8 	81    	7.4     	209   	601    	602       	-58.954216	-62.186711	-20.9   	-18.7     	291.27	385.63	-2.3    	18.1         	020        	1855     	0.111447 
576       	939.9  	-18.9 	81    	7.4     	217   	597    	597       	-58.953991	-62.186708	-21.0   	-18.8     	291.54	385.19	-2.3    	17.9         	020        	1858     	0.111579 
578       	940.5  	-18.9 	82    	7.3     	226   	592    	593       	-58.953766	-62.186704	-21.1   	-18.8     	291.80	384.73	-2.3    	17.7         	021        	1861     	0.111722 
580       	941.1  	-19.0 	82    	7.3     	235   	587    	588       	-58.953540	-62.186700	-21.1   	-18.9     	292.07	384.29	-2.3    	17.5         	021        	1864     	0.111868 
582       	941.7  	-19.1 	82    	7.2     	245   	583    	584       	-58.953315	-62.186696	-21.2   	-19.0     	292.33	383.83	-2.3    	17.4         	021        	1867     	0.112014 
584       	942.2  	-19.2 	82    	7.2     	254   	578    	579       	-58.953090	-62.186692	-21.2   	-19.1     	292.60	383.39	-2.3    	17.2         	022        	1870     	0.112161 
586       	942.8  	-19.2 	82    	7.1     	262   	574    	575       	-58.952864	-62.186689	-21.3   	-19.1     	292.87	382.94	-2.3    	17.0         	022        	1873     	0.112307 
588       	943.4  	-19.3 	82    	7.1     	270   	569    	570       	-58.952639	-62.186685	-21.3   	-19.2     	293.10	382.46	-2.3    	16.8         	022        	1876     	0.112440 
590       	944.5  	-19.3 	82    	7.0     	276   	563    	563       	-58.952413	-62.186681	-21.4   	-19.2     	293.45	381.80	-3.2    	16.6         	023        	1879     	0.112562 
592       	945.5  	-19.3 	82    	7.0     	274   	553    	554       	-58.952163	-62.186632	-21.4   	-19.2     	293.80	380.67	-4.7    	16.2         	023        	1886     	0.112569 
594       	946.6  	-19.3 	82    	7.0     	272   	544    	545       	-58.951912	-62.186583	-21.4   	-19.2     	294.15	379.54	-4.7    	15.9         	023        	1893     	0.112525 
596       	947.8  	-19.3 	82    	6.9     	270   	535    	535       	-58.951661	-62.186534	-21.4   	-19.3     	294.54	378.47	-4.7    	15.5         	024        	1901     	0.112482 
598       	949.0  	-19.4 	82    	6.9     	268   	525    	526       	-58.951410	-62.186485	-21.4   	-19.3     	294.92	377.38	-4.7    	15.2         	024        	1908     	0.112439 
600       	950.2  	-19.4 	82    	6.9     	266   	516    	517       	-58.951160	-62.186436	-21.5   	-19.3     	295.31	376.31	-4.7    	14.8         	024        	1916     	0.112396 
602       	951.4  	-19.3 	82    	6.8     	264   	507    	507       	-58.950909	-62.186386	-21.4   	-19.2     	295.61	375.13	-4.7    	14.5         	024        	1923     	0.112319 
604       	952.6  	-19.2 	82    	6.8     	262   	497    	498       	-58.950658	-62.186337	-21.3   	-19.1     	295.85	373.90	-4.7    	14.1         	025        	1931     	0.112223 
606       	953.8  	-19.1 	82    	6.8     	259   	488    	488       	-58.950407	-62.186288	-21.2   	-19.0     	296.09	372.68	-4.7    	13.8         	025        	1939     	0.111952 
608       	955.0  	-19.0 	81    	6.7     	257   	478    	479       	-58.950156	-62.186239	-21.2   	-18.9     	296.33	371.44	-4.7    	13.4         	025        	1947     	0.111663 
610       	956.2  	-18.9 	81    	6.7     	255   	469    	470       	-58.949905	-62.186190	-21.1   	-18.8     	296.57	370.20	-4.7    	13.1         	026        	1955     	0.111374 
612       	957.4  	-18.8 	81    	6.8     	252   	460    	460       	-58.949654	-62.186141	-21.0   	-18.7     	296.81	368.98	-4.7    	12.8         	026        	1963     	0.111085 
614       	958.6  	-18.7 	81    	6.9     	249   	450    	451       	-58.949404	-62.186091	-20.9   	-18.6     	297.05	367.74	-4.7    	12.4         	026        	1972     	0.110796 
616       	959.8  	-18.7 	81    	7.1     	246   	441    	442       	-58.949153	-62.186042	-20.9   	-18.6     	297.37	366.59	-4.7    	12.1         	026        	1980     	0.110539 
618       	961.0  	-18.8 	81    	7.2     	243   	432    	432       	-58.948902	-62.185993	-21.0   	-18.7     	297.79	365.56	-4.7    	11.8         	027        	1989     	0.110304 
620       	963.6  	-18.8 	80    	7.3     	240   	422    	423       	-58.948651	-62.185944	-21.1   	-18.7     	298.61	364.90	-4.7    	11.5         	027        	1997     	0.109961 
622       	966.1  	-18.9 	80    	7.4     	238   	407    	408       	-58.948440	-62.185837	-21.2   	-18.8     	299.44	363.37	-7.5    	10.9         	027        	2010     	0.109618 
624       	968.6  	-18.9 	80    	7.5     	235   	373    	374       	-58.948244	-62.185709	-21.3   	-18.8     	300.26	358.82	-17.1   	9.9          	027        	2021     	0.109275 
626       	973.1  	-19.0 	79    	7.6     	232   	339    	339       	-58.948047	-62.185581	-21.4   	-18.9     	301.67	354.87	-17.1   	8.9          	027        	2032     	0.108932 
628       	977.6  	-19.0 	79    	7.6     	230   	305    	305       	-58.947851	-62.185452	-21.4   	-18.9     	303.09	350.90	-17.1   	7.8          	027        	2044     	0.108589 
630       	982.1  	-19.1 	79    	7.8     	228   	270    	271       	-58.947655	-62.185324	-21.5   	-19.0     	304.52	346.95	-17.1   	6.8          	027        	2057     	0.108244 
632       	986.7  	-19.1 	79    	7.9     	227   	236    	236       	-58.947458	-62.185196	-21.6   	-19.0     	305.94	343.00	-17.1   	5.8          	027        	2071     	0.107895 
634       	991.2  	-19.2 	79    	7.9     	226   	202    	202       	-58.947262	-62.185068	-21.6   	-19.1     	307.38	339.08	-17.1   	4.8          	028        	2085     	0.107969 
636       	995.8  	-19.2 	79    	8.0     	225   	168    	168       	-58.947066	-62.184940	-21.7   	-19.1     	308.83	335.15	-17.1   	3.9          	028        	2100     	0.108099 
638       	1000.4 	-19.2 	79    	8.1     	224   	133    	134       	-58.946869	-62.184812	-21.7   	-19.1     	310.29	331.24	-17.1   	2.9          	028        	2115     	0.108228 
640       	1005.0 	-19.3 	79    	8.1     	223   	99     	99        	-58.946673	-62.184684	-21.7   	-19.2     	311.76	327.34	-17.1   	2.0          	028        	2131     	0.108357 
642       	1009.7 	-19.3 	79    	8.2     	222   	65     	65        	-58.946476	-62.184556	-21.8   	-19.2     	313.24	323.44	-17.1   	1.0          	028        	2147     	0.108486 
644       	1010.3 	-19.3 	79    	8.3     	221   	43     	43        	-58.946280	-62.184428	-21.8   	-19.3     	313.47	320.20	-11.0   	0.5          	028        	2164     	0.108611 
646       	1010.9 	-19.4 	79    	8.3     	220   	47     	47        	-58.946084	-62.184300	-21.8   	-19.3     	313.68	321.07	2.1     	0.6          	028        	2182     	0.108729 
648       	1011.5 	-19.4 	79    	8.4     	219   	51     	51        	-58.945887	-62.184172	-21.8   	-19.3     	313.87	321.91	2.1     	0.7          	028        	2199     	0.108450 
650       	1011.0 	-19.4 	79    	8.5     	218   	55     	55        	-58.945691	-62.184044	-21.9   	-19.3     	313.70	322.38	2.1     	0.8          	028        	2217     	0.108067 
652       	1010.4 	-19.4 	78    	8.3     	219   	59     	60        	-58.945485	-62.183937	-21.9   	-19.3     	313.53	322.85	2.1     	0.9          	028        	2232     	0.107683 
654       	1009.8 	-19.4 	78    	8.2     	221   	64     	64        	-58.945257	-62.183879	-22.0   	-19.3     	313.35	323.34	2.1     	1.0          	028        	2244     	0.107299 
656       	1009.3 	-19.4 	78    	8.0     	222   	68     	68        	-58.945029	-62.183820	-22.0   	-19.3     	313.18	323.81	2.1     	1.1          	029        	2255     	0.106916 
658       	1008.7 	-19.4 	78    	7.9     	223   	72     	72        	-58.944801	-62.183762	-22.1   	-19.4     	313.02	324.29	2.1     	1.2          	029        	2267     	0.106536 
660       	1008.2 	-19.5 	77    	7.8     	225   	76     	76        	-58.944573	-62.183703	-22.2   	-19.4     	312.91	324.84	2.1     	1.3          	029        	2278     	0.106172 
662       	1007.6 	-19.6 	77    	7.6     	226   	80     	80        	-58.944346	-62.183645	-22.2   	-19.5     	312.80	325.37	2.1     	1.4          	029        	2290     	0.105909 
664       	1007.0 	-19.6 	77    	7.5     	227   	84     	84        	-58.944118	-62.183586	-22.3   	-19.5     	312.69	325.90	2.1     	1.5          	029        	2301     	0.105660 
666       	1006.5 	-19.7 	77    	7.4     	229   	88     	89        	-58.943890	-62.183528	-22.4   	-19.6     	312.58	326.44	2.1     	1.5          	029        	2313     	0.105411 
668       	1005.9 	-19.7 	76    	7.3     	230   	93     	93        	-58.943662	-62.183469	-22.5   	-19.7     	312.47	326.99	2.1     	1.6          	030        	2324     	0.105163 
670       	1005.4 	-19.8 	76    	7.2     	232   	97     	97        	-58.943434	-62.183411	-22.6   	-19.7     	312.36	327.52	2.1     	1.7          	030        	2336     	0.104914 
672       	1004.8 	-19.8 	76    	7.1     	233   	101    	101       	-58.943207	-62.183353	-22.7   	-19.8     	312.25	328.06	2.1     	1.8          	030        	2348     	0.104664 
674       	1004.2 	-19.9 	76    	7.0     	235   	105    	105       	-58.942979	-62.183294	-22.7   	-19.8     	312.13	328.59	2.1     	1.9          	030        	2359     	0.104414 
676       	1003.7 	-20.0 	76    	7.0     	236   	109    	109       	-58.942751	-62.183236	-22.9   	-19.9     	312.01	329.12	2.1     	2.0          	030        	2371     	0.103933 
678       	1003.1 	-20.0 	75    	6.9     	237   	113    	113       	-58.942523	-62.183177	-23.0   	-19.9     	311.88	329.64	2.1     	2.1          	030        	2383     	0.103392 
680       	1002.6 	-20.1 	75    	6.9     	239   	117    	117       	-58.942295	-62.183119	-23.1   	-20.0     	311.76	330.16	2.1     	2.2          	031        	2395     	0.102851 
682       	1002.0 	-20.1 	74    	6.8     	240   	121    	122       	-58.942068	-62.183060	-23.2   	-20.1     	311.63	330.69	2.1     	2.3          	031        	2407     	0.102309 
684       	1001.4 	-20.2 	74    	6.8     	242   	126    	126       	-58.941831	-62.183032	-23.3   	-20.1     	311.50	331.21	2.1     	2.4          	031        	2416     	0.101768 
686       	1000.9 	-20.2 	73    	6.7     	243   	130    	130       	-58.941590	-62.183023	-23.4   	-20.2     	311.38	331.73	2.1     	2.5          	031        	2423     	0.101227 
688       	1000.3 	-20.3 	73    	6.7     	245   	134    	134       	-58.941348	-62.183014	-23.5   	-20.2     	311.28	332.27	2.1     	2.5          	031        	2431     	0.100692 
690       	999.8  	-20.4 	73    	6.7     	246   	138    	138       	-58.941107	-62.183005	-23.7   	-20.3     	311.17	332.82	2.1     	2.6          	032        	2438     	0.100038 
692       	999.2  	-20.5 	72    	6.6     	249   	142    	142       	-58.940865	-62.182996	-23.8   	-20.4     	311.06	333.36	2.1     	2.7          	032        	2446     	0.099370 
694       	998.6  	-20.5 	72    	6.6     	251   	146    	146       	-58.940624	-62.182986	-24.0   	-20.5     	310.95	333.89	2.1     	2.8          	032        	2454     	0.098703 
696       	998.1  	-20.6 	71    	6.6     	253   	150    	151       	-58.940382	-62.182977	-24.1   	-20.5     	310.85	334.43	2.1     	2.9          	032        	2462     	0.098034 
698       	995.5  	-20.7 	71    	6.6     	255   	165    	166       	-58.940141	-62.182968	-24.2   	-20.6     	310.10	336.05	7.5     	3.2          	033        	2470     	0.097366 
700       	992.8  	-20.8 	70    	6.6     	257   	187    	187       	-58.939899	-62.182959	-24.4   	-20.7     	309.36	338.72	10.9    	3.7          	033        	2479     	0.096699 
702       	990.2  	-20.8 	70    	6.6     	259   	209    	209       	-58.939658	-62.182950	-24.5   	-20.8     	308.64	341.42	10.9    	4.2          	033        	2488     	0.096121 
704       	987.3  	-20.9 	69    	6.5     	262   	231    	231       	-58.939416	-62.182941	-24.7   	-20.9     	307.83	344.02	10.9    	4.7          	033        	2498     	0.095849 
706       	984.4  	-21.0 	69    	6.5     	264   	252    	253       	-58.939174	-62.182932	-24.8   	-21.0     	307.03	346.63	10.9    	5.2          	034        	2507     	0.095577 
708       	981.5  	-21.1 	69    	6.4     	266   	274    	274       	-58.938933	-62.182923	-24.9   	-21.0     	306.23	349.25	10.9    	5.7          	034        	2517     	0.095305 
710       	978.6  	-21.2 	69    	6.5     	268   	296    	296       	-58.938691	-62.182914	-25.0   	-21.1     	305.44	351.86	10.9    	6.1          	034        	2527     	0.095032 
712       	975.7  	-21.3 	68    	6.4     	270   	318    	318       	-58.938450	-62.182905	-25.1   	-21.2     	304.64	354.49	10.9    	6.6          	034        	2537     	0.094760 
714       	972.8  	-21.4 	68    	6.3     	272   	339    	340       	-58.938208	-62.182896	-25.2   	-21.3     	303.85	357.10	10.9    	7.1          	034        	2548     	0.094488 
716       	970.0  	-21.5 	68    	6.3     	273   	361    	362       	-58.938000	-62.182913	-25.4   	-21.4     	303.07	359.75	10.9    	7.5          	035        	2555     	0.094334 
718       	967.1  	-21.6 	68    	6.2     	275   	383    	383       	-58.937809	-62.182944	-25.4   	-21.5     	302.30	362.38	10.9    	8.0          	035        	2561     	0.094301 
720       	964.3  	-21.6 	68    	6.2     	277   	404    	405       	-58.937618	-62.182975	-25.5   	-21.6     	301.53	365.02	10.9    	8.5          	035        	2567     	0.094268 
722       	961.1  	-21.7 	68    	6.1     	279   	426    	427       	-58.937427	-62.183006	-25.6   	-21.7     	300.66	367.57	10.9    	8.9          	035        	2573     	0.094235 
724       	958.0  	-21.8 	68    	6.1     	281   	448    	449       	-58.937237	-62.183037	-25.7   	-21.8     	299.80	370.12	10.9    	9.4          	036        	2580     	0.094202 
726       	954.8  	-21.9 	68    	5.9     	283   	477    	477       	-58.937046	-62.183068	-25.8   	-21.9     	298.94	373.79	14.4    	10.0         	036        	2587     	0.094168 
728       	950.7  	-22.0 	68    	5.9     	285   	509    	509       	-58.936855	-62.183100	-25.9   	-22.0     	297.77	377.62	15.9    	10.7         	036        	2596     	0.094134 
730       	946.6  	-22.1 	68    	5.9     	287   	541    	541       	-58.936664	-62.183131	-26.0   	-22.0     	296.60	381.46	15.9    	11.4         	036        	2605     	0.094091 
732       	942.5  	-22.2 	68    	5.7     	287   	572    	573       	-58.936474	-62.183162	-26.1   	-22.1     	295.44	385.30	15.9    	12.1         	037        	2615     	0.094045 
734       	938.4  	-22.3 	68    	5.6     	287   	604    	605       	-58.936283	-62.183193	-26.2   	-22.2     	294.28	389.14	15.9    	12.7         	037        	2625     	0.093998 
736       	934.3  	-22.4 	68    	5.5     	288   	636    	637       	-58.936092	-62.183224	-26.3   	-22.3     	293.12	392.99	15.9    	13.4         	037        	2635     	0.093952 
738       	930.3  	-22.5 	68    	5.3     	288   	668    	669       	-58.935901	-62.183255	-26.4   	-22.4     	291.97	396.85	15.9    	14.0         	037        	2646     	0.093905 
740       	926.2  	-22.6 	68    	5.2     	288   	700    	701       	-58.935711	-62.183287	-26.5   	-22.5     	290.83	400.69	15.9    	14.7         	037        	2657     	0.093859 
742       	922.2  	-22.6 	67    	5.1     	289   	732    	733       	-58.935520	-62.183318	-26.6   	-22.6     	289.69	404.56	15.9    	15.3         	038        	2668     	0.093820 
744       	918.2  	-22.7 	68    	4.9     	289   	764    	765       	-58.935329	-62.183349	-26.7   	-22.7     	288.57	408.45	15.9    	16.0         	038        	2680     	0.094096 
746       	914.2  	-22.8 	68    	4.8     	290   	795    	797       	-58.935163	-62.183372	-26.7   	-22.8     	287.45	412.33	15.9    	16.6         	038        	2692     	0.094373 
748       	910.2  	-22.9 	68    	4.6     	290   	827    	828       	-58.935008	-62.183391	-26.8   	-22.9     	286.34	416.23	15.9    	17.2         	038        	2705     	0.094650 
750       	906.3  	-23.0 	68    	4.5     	290   	859    	860       	-58.934854	-62.183410	-26.9   	-23.0     	285.23	420.13	15.9    	17.9         	038        	2717     	0.094927 
752       	902.4  	-23.1 	68    	4.6     	290   	891    	892       	-58.934700	-62.183429	-26.9   	-23.1     	284.13	424.01	15.9    	18.5         	039        	2731     	0.095204 
754       	898.4  	-23.2 	68    	4.6     	290   	923    	924       	-58.934545	-62.183447	-27.0   	-23.1     	283.01	427.91	15.9    	19.1         	039        	2744     	0.095476 
756       	894.5  	-23.3 	69    	4.7     	290   	955    	956       	-58.934391	-62.183466	-27.0   	-23.2     	281.89	431.79	15.9    	19.7         	039        	2758     	0.095748 
758       	897.8  	-23.3 	69    	4.7     	290   	944    	945       	-58.934237	-62.183485	-27.1   	-23.3     	282.99	431.19	-5.4    	19.4         	039        	2757     	0.096026 
760       	901.0  	-23.4 	69    	4.8     	290   	910    	911       	-58.934082	-62.183504	-27.1   	-23.3     	284.09	426.91	-17.2   	18.7         	039        	2749     	0.096306 
762       	904.3  	-23.5 	69    	4.8     	290   	875    	877       	-58.933928	-62.183523	-27.1   	-23.4     	285.19	422.62	-17.2   	18.0         	039        	2742     	0.096585 
764       	908.6  	-23.5 	69    	4.9     	290   	841    	842       	-58.933774	-62.183542	-27.2   	-23.5     	286.61	418.65	-17.2   	17.3         	040        	2735     	0.096864 
766       	912.9  	-23.6 	70    	5.0     	290   	807    	808       	-58.933619	-62.183561	-27.2   	-23.6     	288.03	414.69	-17.2   	16.6         	040        	2728     	0.097144 
768       	917.2  	-23.7 	70    	5.0     	290   	772    	773       	-58.933465	-62.183580	-27.3   	-23.6     	289.48	410.74	-17.2   	15.9         	040        	2722     	0.097430 
770       	921.5  	-23.8 	70    	5.1     	290   	738    	739       	-58.933311	-62.183599	-27.3   	-23.7     	290.95	406.82	-17.2   	15.2         	040        	2716     	0.097811 
772       	925.8  	-23.9 	70    	5.3     	281   	704    	705       	-58.933156	-62.183618	-27.4   	-23.8     	292.43	402.90	-17.2   	14.5         	040        	2711     	0.098258 
774       	930.2  	-24.0 	71    	5.5     	270   	669    	670       	-58.933002	-62.183636	-27.4   	-23.9     	293.92	399.00	-17.2   	13.8         	040        	2706     	0.098705 
776       	934.6  	-24.1 	71    	5.7     	255   	635    	636       	-58.933007	-62.183492	-27.5   	-24.0     	295.41	395.11	-17.2   	13.0         	040        	2710     	0.099152 
778       	939.0  	-24.1 	71    	5.9     	239   	601    	601       	-58.933050	-62.183308	-27.5   	-24.1     	296.92	391.21	-17.2   	12.2         	040        	2716     	0.099600 
780       	943.5  	-24.2 	71    	6.0     	223   	566    	567       	-58.933093	-62.183125	-27.6   	-24.2     	298.43	387.34	-17.2   	11.4         	040        	2723     	0.100049 
782       	947.9  	-24.4 	72    	6.2     	209   	532    	533       	-58.933136	-62.182941	-27.6   	-24.3     	299.98	383.49	-17.2   	10.7         	039        	2730     	0.100506 
784       	952.4  	-24.5 	72    	6.4     	199   	498    	498       	-58.933178	-62.182757	-27.7   	-24.4     	301.53	379.65	-17.2   	9.9          	039        	2739     	0.100827 
786       	956.9  	-24.6 	72    	6.6     	191   	463    	464       	-58.933221	-62.182573	-27.8   	-24.5     	303.09	375.83	-17.2   	9.2          	039        	2747     	0.101126 
788       	961.4  	-24.7 	72    	6.8     	186   	429    	430       	-58.933264	-62.182390	-27.9   	-24.6     	304.66	371.99	-17.2   	8.4          	038        	2756     	0.101425 
790       	966.0  	-24.8 	73    	7.0     	181   	395    	395       	-58.933307	-62.182206	-28.0   	-24.8     	306.23	368.18	-17.2   	7.7          	038        	2766     	0.101725 
792       	970.6  	-24.9 	73    	7.4     	180   	360    	361       	-58.933350	-62.182022	-28.1   	-24.9     	307.82	364.37	-17.2   	6.9          	038        	2777     	0.102025 
794       	973.1  	-25.0 	73    	7.7     	179   	338    	338       	-58.933393	-62.181839	-28.2   	-25.0     	308.75	361.78	-11.2   	6.4          	037        	2789     	0.102320 
796       	975.6  	-25.1 	73    	8.1     	178   	321    	321       	-58.933436	-62.181655	-28.2   	-25.1     	309.65	360.00	-8.6    	6.0          	037        	2802     	0.102618 
798       	978.2  	-25.2 	74    	8.4     	177   	304    	304       	-58.933479	-62.181471	-28.2   	-25.1     	310.58	358.25	-8.6    	5.7          	037        	2815     	0.103314 
800       	980.5  	-25.3 	74    	8.8     	176   	287    	287       	-58.933522	-62.181288	-28.2   	-25.2     	311.44	356.42	-8.6    	5.3          	037        	2828     	0.104011 
802       	982.8  	-25.3 	74    	9.1     	175   	269    	270       	-58.933565	-62.181104	-28.3   	-25.3     	312.29	354.59	-8.6    	4.9          	036        	2842     	0.104709 
804       	985.1  	-25.4 	75    	9.5     	174   	252    	253       	-58.933608	-62.180920	-28.3   	-25.4     	313.15	352.76	-8.6    	4.5          	036        	2856     	0.105407 
806       	987.5  	-25.5 	75    	9.9     	173   	235    	236       	-58.933631	-62.180772	-28.3   	-25.5     	314.02	350.94	-8.6    	4.2          	036        	2867     	0.106105 
808       	989.8  	-25.6 	76    	10.2    	173   	218    	218       	-58.933599	-62.180724	-28.3   	-25.6     	314.89	349.11	-8.6    	3.8          	036        	2871     	0.106805 
810       	992.1  	-25.7 	76    	10.6    	172   	201    	201       	-58.933568	-62.180676	-28.3   	-25.6     	315.77	347.32	-8.6    	3.5          	036        	2875     	0.107512 
