#AYM00089009 2007 01 16 12 0933  146 ncdc-gts ncdc-gts -900000        0
#Extracted from AYM00089009-data.txt
11 -9999  70000 -9999  -265 -9999    41    10    36 
20 -9999  69700 -9999  -271 -9999    48   345    51 
20 -9999  69300 -9999  -247 -9999    80 -9999 -9999 
20 -9999  68900 -9999 -9999 -9999 -9999   325    57 
20 -9999  68400 -9999  -241 -9999   100 -9999 -9999 
20 -9999  67100 -9999 -9999 -9999 -9999   350    62 
20 -9999  64300 -9999  -245 -9999    32 -9999 -9999 
20 -9999  60700 -9999 -9999 -9999 -9999   335    62 
20 -9999  59100 -9999 -9999 -9999 -9999   345    62 
20 -9999  57800 -9999 -9999 -9999 -9999   330    72 
20 -9999  53600 -9999 -9999 -9999 -9999   355    72 
20 -9999  52700 -9999  -345 -9999    15 -9999 -9999 
20 -9999  52200 -9999  -333 -9999    34 -9999 -9999 
20 -9999  50700 -9999  -341 -9999    70 -9999 -9999 
10 -9999  50000  5240  -349 -9999    60   340    87 
20 -9999  48800 -9999 -9999 -9999 -9999   330    98 
20 -9999  42700 -9999 -9999 -9999 -9999   335   139 
20 -9999  42500 -9999  -409 -9999   100 -9999 -9999 
10 -9999  40000  6770  -439 -9999    80   335   134 
20 -9999  35000 -9999 -9999 -9999 -9999   340   118 
20 -9999  32700 -9999  -533 -9999    60 -9999 -9999 
10 -9999  30000  8650  -557 -9999    80   360   113 
22 -9999  29900 -9999  -557 -9999    90   360   118 
20 -9999  29700 -9999 -9999 -9999 -9999   360   123 
20 -9999  26700 -9999 -9999 -9999 -9999   345   108 
20 -9999  25600 -9999 -9999 -9999 -9999     5   108 
20 -9999  25200 -9999  -541 -9999   230 -9999 -9999 
10 -9999  25000  9810  -535 -9999   230   360   103 
20 -9999  23800 -9999  -507 -9999   310 -9999 -9999 
20 -9999  23100 -9999 -9999 -9999 -9999   350    77 
20 -9999  22600 -9999 -9999 -9999 -9999     5   103 
20 -9999  20200 -9999 -9999 -9999 -9999   345    87 
10 -9999  20000 11270  -501 -9999   340   345    77 
20 -9999  18100 -9999 -9999 -9999 -9999     5    87 
20 -9999  16300 -9999 -9999 -9999 -9999   340    77 
20 -9999  16100 -9999 -9999 -9999 -9999   350    87 
20 -9999  15400 -9999 -9999 -9999 -9999   340    72 
20 -9999  15100 -9999 -9999 -9999 -9999   360    77 
10 -9999  15000 13150  -481 -9999   340   360    82 
20 -9999  14400 -9999  -475 -9999   350 -9999 -9999 
20 -9999  14200 -9999 -9999 -9999 -9999   340    87 
20 -9999  13700 -9999 -9999 -9999 -9999   355    77 
20 -9999  13200 -9999 -9999 -9999 -9999   340    98 
20 -9999  12600 -9999 -9999 -9999 -9999   355    82 
20 -9999  11200 -9999 -9999 -9999 -9999   340    98 
20 -9999  10500 -9999 -9999 -9999 -9999     5    77 
10 -9999  10000 15850  -431 -9999   360   335    87 
20 -9999   9830 -9999 -9999 -9999 -9999   325    72 
20 -9999   9070 -9999 -9999 -9999 -9999   360    72 
20 -9999   8770 -9999 -9999 -9999 -9999   340    77 
20 -9999   8470 -9999 -9999 -9999 -9999   355    82 
20 -9999   7960 -9999 -9999 -9999 -9999   335   108 
20 -9999   7610 -9999 -9999 -9999 -9999   345    93 
20 -9999   7210 -9999 -9999 -9999 -9999   315    87 
10 -9999   7000 18280  -389 -9999   370   330    77 
20 -9999   6770 -9999 -9999 -9999 -9999   315    77 
20 -9999   6550 -9999 -9999 -9999 -9999   330    72 
20 -9999   6230 -9999 -9999 -9999 -9999   335    51 
20 -9999   5960 -9999 -9999 -9999 -9999   345    51 
20 -9999   5450 -9999 -9999 -9999 -9999   290    72 
20 -9999   5320 -9999 -9999 -9999 -9999   315    36 
20 -9999   5150 -9999 -9999 -9999 -9999     5    57 
10 -9999   5000 20590  -375 -9999   380   355    82 
20 -9999   4930 -9999 -9999 -9999 -9999   345    82 
20 -9999   4580 -9999 -9999 -9999 -9999   285    36 
20 -9999   4030 -9999 -9999 -9999 -9999   330    21 
20 -9999   3930 -9999 -9999 -9999 -9999   350    51 
20 -9999   3690 -9999 -9999 -9999 -9999   320    57 
20 -9999   3520 -9999 -9999 -9999 -9999   330    67 
20 -9999   3130 -9999 -9999 -9999 -9999   290    46 
10 -9999   3000 24150  -341 -9999   390   305    46 
20 -9999   2950 -9999 -9999 -9999 -9999   285    57 
20 -9999   2900 -9999 -9999 -9999 -9999   270    72 
20 -9999   2840 -9999 -9999 -9999 -9999   290    51 
20 -9999   2670 -9999 -9999 -9999 -9999   215    21 
20 -9999   2590 -9999 -9999 -9999 -9999     0     0 
20 -9999   2410 -9999  -313 -9999   400 -9999 -9999 
20 -9999   2170 -9999  -329 -9999   390 -9999 -9999 
20 -9999   2100 -9999 -9999 -9999 -9999    60    46 
10 -9999   2000 27010  -321 -9999   390    15    77 
20 -9999   1930 -9999 -9999 -9999 -9999   330    51 
20 -9999   1780 -9999 -9999 -9999 -9999     0     0 
20 -9999   1440 -9999  -307 -9999   400 -9999 -9999 
20 -9999   1120 -9999 -9999 -9999 -9999   105    51 
20 -9999   1090 -9999  -235 -9999   420 -9999 -9999 
20 -9999   1060 -9999  -253 -9999   420 -9999 -9999 
20 -9999   1050 -9999 -9999 -9999 -9999   350    36 
20 -9999   1020 -9999 -9999 -9999 -9999   265    62 
20 -9999   1010 -9999 -9999 -9999 -9999   265    62 
10 -9999   1000 31970  -249 -9999   420   260    57 
20 -9999    970 -9999 -9999 -9999 -9999   275    26 
20 -9999    940 -9999 -9999 -9999 -9999   360    57 
20 -9999    900 -9999 -9999 -9999 -9999   330    57 
20 -9999    880 -9999 -9999 -9999 -9999   275    67 
20 -9999    860 -9999 -9999 -9999 -9999   230    87 
20 -9999    830 -9999  -217 -9999   430   185    36 
30 -9999  -9999  3000 -9999 -9999 -9999   350    62 
30 -9999  -9999  3900 -9999 -9999 -9999   335    62 
30 -9999  -9999  4200 -9999 -9999 -9999   330    72 
30 -9999  -9999  4800 -9999 -9999 -9999   355    72 
30 -9999  -9999  5400 -9999 -9999 -9999   330    98 
30 -9999  -9999  6300 -9999 -9999 -9999   335   139 
30 -9999  -9999  7800 -9999 -9999 -9999   340   118 
30 -9999  -9999  8700 -9999 -9999 -9999   360   123 
30 -9999  -9999  9300 -9999 -9999 -9999   345   108 
30 -9999  -9999  9600 -9999 -9999 -9999     5   108 
30 -9999  -9999 10200 -9999 -9999 -9999   350    77 
30 -9999  -9999 10500 -9999 -9999 -9999     5   103 
30 -9999  -9999 11100 -9999 -9999 -9999   345    87 
30 -9999  -9999 12000 -9999 -9999 -9999     5    87 
30 -9999  -9999 12600 -9999 -9999 -9999   350    87 
30 -9999  -9999 12900 -9999 -9999 -9999   340    72 
30 -9999  -9999 13200 -9999 -9999 -9999   360    77 
30 -9999  -9999 15900 -9999 -9999 -9999   325    72 
30 -9999  -9999 16500 -9999 -9999 -9999   360    72 
30 -9999  -9999 16800 -9999 -9999 -9999   340    77 
30 -9999  -9999 17100 -9999 -9999 -9999   355    82 
30 -9999  -9999 17400 -9999 -9999 -9999   335   108 
30 -9999  -9999 17700 -9999 -9999 -9999   345    93 
30 -9999  -9999 18000 -9999 -9999 -9999   315    87 
30 -9999  -9999 18300 -9999 -9999 -9999   330    77 
30 -9999  -9999 18600 -9999 -9999 -9999   315    77 
30 -9999  -9999 19200 -9999 -9999 -9999   335    51 
30 -9999  -9999 19500 -9999 -9999 -9999   345    51 
30 -9999  -9999 20100 -9999 -9999 -9999   290    72 
30 -9999  -9999 20400 -9999 -9999 -9999     5    57 
30 -9999  -9999 20700 -9999 -9999 -9999   345    82 
30 -9999  -9999 21300 -9999 -9999 -9999   285    36 
30 -9999  -9999 22200 -9999 -9999 -9999   350    51 
30 -9999  -9999 22800 -9999 -9999 -9999   320    57 
30 -9999  -9999 23100 -9999 -9999 -9999   330    67 
30 -9999  -9999 24000 -9999 -9999 -9999   290    46 
30 -9999  -9999 24300 -9999 -9999 -9999   270    72 
30 -9999  -9999 24600 -9999 -9999 -9999   290    51 
30 -9999  -9999 24900 -9999 -9999 -9999   215    21 
30 -9999  -9999 25200 -9999 -9999 -9999     0     0 
30 -9999  -9999 26700 -9999 -9999 -9999    60    46 
30 -9999  -9999 27000 -9999 -9999 -9999    15    77 
30 -9999  -9999 27300 -9999 -9999 -9999   330    51 
30 -9999  -9999 27900 -9999 -9999 -9999     0     0 
30 -9999  -9999 31200 -9999 -9999 -9999   105    51 
30 -9999  -9999 31500 -9999 -9999 -9999   350    36 
30 -9999  -9999 31800 -9999 -9999 -9999   265    62 
30 -9999  -9999 32100 -9999 -9999 -9999   275    26 
30 -9999  -9999 32400 -9999 -9999 -9999   360    57 
30 -9999  -9999 32700 -9999 -9999 -9999   330    57 