% Bertie and Lan, 298K
   1.3007500e+03   1.2981000e+00   3.6140000e-02
   1.2930361e+03   1.2971000e+00   3.6220000e-02
   1.2853223e+03   1.2960000e+00   3.6350000e-02
   1.2776084e+03   1.2949000e+00   3.6440000e-02
   1.2698945e+03   1.2938000e+00   3.6500000e-02
   1.2621807e+03   1.2927000e+00   3.6500000e-02
   1.2544668e+03   1.2916000e+00   3.6420000e-02
   1.2467529e+03   1.2902000e+00   3.6320000e-02
   1.2390391e+03   1.2888000e+00   3.6240000e-02
   1.2313252e+03   1.2873000e+00   3.6320000e-02
   1.2236113e+03   1.2857000e+00   3.6370000e-02
   1.2158975e+03   1.2842000e+00   3.6570000e-02
   1.2081836e+03   1.2826000e+00   3.6830000e-02
   1.2004697e+03   1.2813000e+00   3.6960000e-02
   1.1927558e+03   1.2796000e+00   3.6930000e-02
   1.1850420e+03   1.2778000e+00   3.7040000e-02
   1.1773281e+03   1.2760000e+00   3.7240000e-02
   1.1696100e+03   1.2741000e+00   3.7430000e-02
   1.1618961e+03   1.2722000e+00   3.7630000e-02
   1.1541823e+03   1.2701000e+00   3.7970000e-02
   1.1464684e+03   1.2683000e+00   3.8490000e-02
   1.1387545e+03   1.2665000e+00   3.8530000e-02
   1.1310407e+03   1.2643000e+00   3.8480000e-02
   1.1233268e+03   1.2616000e+00   3.8630000e-02
   1.1156129e+03   1.2590000e+00   3.9180000e-02
   1.1078991e+03   1.2565000e+00   3.9720000e-02
   1.1001852e+03   1.2539000e+00   4.0270000e-02
   1.0924713e+03   1.2512000e+00   4.0850000e-02
   1.0847575e+03   1.2484000e+00   4.1450000e-02
   1.0770436e+03   1.2455000e+00   4.2100000e-02
   1.0693297e+03   1.2424000e+00   4.2780000e-02
   1.0616158e+03   1.2392000e+00   4.3560000e-02
   1.0539020e+03   1.2359000e+00   4.4410000e-02
   1.0461881e+03   1.2324000e+00   4.5350000e-02
   1.0384800e+03   1.2286000e+00   4.6400000e-02
   1.0307661e+03   1.2247000e+00   4.7600000e-02
   1.0230523e+03   1.2207000e+00   4.9000000e-02
   1.0153384e+03   1.2164000e+00   5.0400000e-02
   1.0076245e+03   1.2119000e+00   5.2100000e-02
   9.9991066e+02   1.2072000e+00   5.4000000e-02
   9.9219679e+02   1.2023000e+00   5.6100000e-02
   9.8448292e+02   1.1971000e+00   5.8500000e-02
   9.7676905e+02   1.1916000e+00   6.1200000e-02
   9.6905519e+02   1.1859000e+00   6.4300000e-02
   9.6134132e+02   1.1799000e+00   6.7800000e-02
   9.5362745e+02   1.1737000e+00   7.2000000e-02
   9.4591358e+02   1.1674000e+00   7.6600000e-02
   9.3819971e+02   1.1609000e+00   8.1900000e-02
   9.3048585e+02   1.1543000e+00   8.8000000e-02
   9.2277198e+02   1.1478000e+00   9.4800000e-02
   9.1505811e+02   1.1414000e+00   1.0240000e-01
   9.0734000e+02   1.1351000e+00   1.1080000e-01
   8.9962613e+02   1.1292000e+00   1.2010000e-01
   8.9191226e+02   1.1239000e+00   1.3020000e-01
   8.8419840e+02   1.1191000e+00   1.4110000e-01
   8.7648453e+02   1.1150000e+00   1.5270000e-01
   8.6877066e+02   1.1117000e+00   1.6500000e-01
   8.6105679e+02   1.1094000e+00   1.7780000e-01
   8.5334292e+02   1.1080000e+00   1.9100000e-01
   8.4562905e+02   1.1076000e+00   2.0450000e-01
   8.3791519e+02   1.1084000e+00   2.1810000e-01
   8.3020132e+02   1.1102000e+00   2.3170000e-01
   8.2248745e+02   1.1129000e+00   2.4520000e-01
   8.1477358e+02   1.1163000e+00   2.5840000e-01
   8.0705971e+02   1.1210000e+00   2.7140000e-01
   7.9934585e+02   1.1263000e+00   2.8390000e-01
   7.9163198e+02   1.1322000e+00   2.9610000e-01
   7.8391811e+02   1.1385000e+00   3.0770000e-01
   7.7621000e+02   1.1454000e+00   3.1960000e-01
   7.6849613e+02   1.1535000e+00   3.3100000e-01
   7.6078226e+02   1.1626000e+00   3.4190000e-01
   7.5306840e+02   1.1724000e+00   3.5210000e-01
   7.4535453e+02   1.1829000e+00   3.6080000e-01
   7.3764066e+02   1.1928000e+00   3.6910000e-01
   7.2992679e+02   1.2040000e+00   3.7560000e-01
   7.2221292e+02   1.2141000e+00   3.8120000e-01
   7.1449905e+02   1.2235000e+00   3.8680000e-01
   7.0678519e+02   1.2328000e+00   3.9230000e-01
   6.9907132e+02   1.2421000e+00   3.9800000e-01
   6.9135745e+02   1.2520000e+00   4.0340000e-01
   6.8364358e+02   1.2619000e+00   4.0850000e-01
   6.7592971e+02   1.2720000e+00   4.1300000e-01
   6.6821585e+02   1.2819000e+00   4.1720000e-01
   6.6050198e+02   1.2961000e+00   4.2140000e-01
   6.5278811e+02   1.3016000e+00   4.2590000e-01
   6.4507000e+02   1.3125000e+00   4.3010000e-01
   6.3735613e+02   1.3238000e+00   4.3350000e-01
   6.2964226e+02   1.3350000e+00   4.3620000e-01
   6.2192840e+02   1.3464000e+00   4.3890000e-01
   6.1421453e+02   1.3584000e+00   4.4070000e-01
   6.0650066e+02   1.3702000e+00   4.4190000e-01
   5.9878679e+02   1.3823000e+00   4.4250000e-01
   5.9107292e+02   1.3952000e+00   4.4250000e-01
   5.8335905e+02   1.4066000e+00   4.4080000e-01
   5.7564519e+02   1.4173000e+00   4.3760000e-01
   5.6793132e+02   1.4275000e+00   4.3540000e-01
   5.6021745e+02   1.4374000e+00   4.3280000e-01
   5.5250358e+02   1.4470000e+00   4.2990000e-01
   5.4478971e+02   1.4562000e+00   4.2660000e-01
   5.3707585e+02   1.4650000e+00   4.2320000e-01
   5.2936198e+02   1.4734000e+00   4.1950000e-01
   5.2164811e+02   1.4814000e+00   4.1570000e-01
   5.1393000e+02   1.4890000e+00   4.1180000e-01
   5.0621613e+02   1.4962000e+00   4.0780000e-01
   4.9850226e+02   1.5032000e+00   4.0380000e-01
   4.9078840e+02   1.5097000e+00   3.9970000e-01
   4.8307453e+02   1.5159000e+00   3.9560000e-01
   4.7536066e+02   1.5219000e+00   3.9160000e-01
   4.6764679e+02   1.5276000e+00   3.8760000e-01
   4.5993292e+02   1.5331000e+00   3.8360000e-01
   4.5221905e+02   1.5384000e+00   3.7960000e-01
   4.4450519e+02   1.5434000e+00   3.7570000e-01
   4.3679132e+02   1.5483000e+00   3.7170000e-01
   4.2907745e+02   1.5529000e+00   3.6780000e-01
   4.2136358e+02   1.5573000e+00   3.6380000e-01
   4.1364971e+02   1.5615000e+00   3.5980000e-01
   4.0593585e+02   1.5654000e+00   3.5580000e-01
   3.9822198e+02   1.5691000e+00   3.5180000e-01
   3.9050811e+02   1.5725000e+00   3.4470000e-01
   3.8280000e+02   1.5755000e+00   3.4370000e-01
   3.7508613e+02   1.5782000e+00   3.3980000e-01
   3.6737226e+02   1.5804000e+00   3.3580000e-01
   3.5965840e+02   1.5822000e+00   3.3200000e-01
   3.5194453e+02   1.5836000e+00   3.2830000e-01
   3.4423066e+02   1.5845000e+00   3.2480000e-01
   3.3651679e+02   1.5847000e+00   3.2170000e-01
   3.2880292e+02   1.5845000e+00   3.1880000e-01
   3.2108905e+02   1.5836000e+00   3.1640000e-01
   3.1337519e+02   1.5820000e+00   3.1460000e-01
   3.0566132e+02   1.5796000e+00   3.1340000e-01
   2.9794745e+02   1.5766000e+00   3.1330000e-01
   2.9023358e+02   1.5727000e+00   3.1430000e-01
   2.8251971e+02   1.5683000e+00   3.1700000e-01
   2.7480585e+02   1.5634000e+00   3.2150000e-01
   2.6709198e+02   1.5584000e+00   3.2840000e-01
   2.5937811e+02   1.5540000e+00   3.3780000e-01
   2.5166000e+02   1.5506000e+00   3.4980000e-01
   2.4394613e+02   1.5491000e+00   3.6440000e-01
   2.3623226e+02   1.5500000e+00   3.8130000e-01
   2.2851840e+02   1.5539000e+00   4.0000000e-01
   2.2080453e+02   1.5614000e+00   4.1990000e-01
   2.1309066e+02   1.5726000e+00   4.4030000e-01
   2.0537679e+02   1.5876000e+00   4.6050000e-01
   1.9766292e+02   1.6066000e+00   4.7980000e-01
   1.8994905e+02   1.6292000e+00   4.9740000e-01
   1.8223519e+02   1.6551000e+00   5.1270000e-01
   1.7452132e+02   1.6840000e+00   5.2500000e-01
   1.6680745e+02   1.7152000e+00   5.3390000e-01
   1.5909358e+02   1.7479000e+00   5.3890000e-01
   1.5137971e+02   1.7813000e+00   5.3980000e-01
   1.4366585e+02   1.8145000e+00   5.3680000e-01
   1.3595198e+02   1.8467000e+00   5.3000000e-01
   1.2823811e+02   1.8769000e+00   5.2010000e-01
   1.2053000e+02   1.9045000e+00   5.0760000e-01
   1.1281613e+02   1.9290000e+00   4.9370000e-01
   1.0510226e+02   1.9501000e+00   4.7940000e-01
   9.7388396e+01   1.9678000e+00   4.6630000e-01
   8.9674527e+01   1.9827000e+00   4.5560000e-01
   8.1960659e+01   1.9956000e+00   4.4910000e-01
   7.4246791e+01   2.0082000e+00   4.4780000e-01
   6.6532923e+01   2.0224000e+00   4.5310000e-01
   5.8819055e+01   2.0406000e+00   4.6510000e-01
   5.1105187e+01   2.0649000e+00   4.8450000e-01
