   4.6000000e+02   1.5587030e+00   2.6171500e-01
   4.6100000e+02   1.5587130e+00   2.6187100e-01
   4.6200000e+02   1.5587350e+00   2.6194500e-01
   4.6300000e+02   1.5587520e+00   2.6213900e-01
   4.6400000e+02   1.5587730e+00   2.6225500e-01
   4.6500000e+02   1.5587820e+00   2.6239700e-01
   4.6600000e+02   1.5587920e+00   2.6246700e-01
   4.6700000e+02   1.5588040e+00   2.6256700e-01
   4.6800000e+02   1.5588190e+00   2.6260000e-01
   4.6900000e+02   1.5588380e+00   2.6276700e-01
   4.7000000e+02   1.5588820e+00   2.6277000e-01
   4.7100000e+02   1.5589540e+00   2.6281100e-01
   4.7200000e+02   1.5590560e+00   2.6289400e-01
   4.7300000e+02   1.5591890e+00   2.6302000e-01
   4.7400000e+02   1.5593530e+00   2.6319300e-01
   4.7500000e+02   1.5595510e+00   2.6341400e-01
   4.7600000e+02   1.5597850e+00   2.6368400e-01
   4.7700000e+02   1.5600550e+00   2.6400700e-01
   4.7800000e+02   1.5603610e+00   2.6438300e-01
   4.7900000e+02   1.5607040e+00   2.6481300e-01
   4.8000000e+02   1.5610800e+00   2.6529400e-01
   4.8100000e+02   1.5614880e+00   2.6582500e-01
   4.8200000e+02   1.5619250e+00   2.6640400e-01
   4.8300000e+02   1.5623890e+00   2.6703100e-01
   4.8400000e+02   1.5628770e+00   2.6770200e-01
   4.8500000e+02   1.5633880e+00   2.6841600e-01
   4.8600000e+02   1.5639170e+00   2.6917100e-01
   4.8700000e+02   1.5644620e+00   2.6996500e-01
   4.8800000e+02   1.5650230e+00   2.7079600e-01
   4.8900000e+02   1.5655960e+00   2.7166300e-01
   4.9000000e+02   1.5661800e+00   2.7256500e-01
   4.9100000e+02   1.5667720e+00   2.7349900e-01
   4.9200000e+02   1.5673700e+00   2.7446200e-01
   4.9300000e+02   1.5679710e+00   2.7545300e-01
   4.9400000e+02   1.5685720e+00   2.7647000e-01
   4.9500000e+02   1.5691700e+00   2.7750900e-01
   4.9600000e+02   1.5697650e+00   2.7857100e-01
   4.9700000e+02   1.5703530e+00   2.7965300e-01
   4.9800000e+02   1.5709330e+00   2.8075300e-01
   4.9900000e+02   1.5715030e+00   2.8187100e-01
   5.0000000e+02   1.5720610e+00   2.8300400e-01
   5.0100000e+02   1.5726060e+00   2.8415300e-01
   5.0200000e+02   1.5731360e+00   2.8531500e-01
   5.0300000e+02   1.5736490e+00   2.8648900e-01
   5.0400000e+02   1.5741430e+00   2.8767200e-01
   5.0500000e+02   1.5746140e+00   2.8886200e-01
   5.0600000e+02   1.5750600e+00   2.9005700e-01
   5.0700000e+02   1.5754790e+00   2.9125500e-01
   5.0800000e+02   1.5758680e+00   2.9245400e-01
   5.0900000e+02   1.5762270e+00   2.9365300e-01
   5.1000000e+02   1.5765530e+00   2.9485000e-01
   5.1100000e+02   1.5768450e+00   2.9604400e-01
   5.1200000e+02   1.5771050e+00   2.9723600e-01
   5.1300000e+02   1.5773310e+00   2.9842500e-01
   5.1400000e+02   1.5775260e+00   2.9961100e-01
   5.1500000e+02   1.5776890e+00   3.0079600e-01
   5.1600000e+02   1.5778190e+00   3.0197800e-01
   5.1700000e+02   1.5779190e+00   3.0315800e-01
   5.1800000e+02   1.5779870e+00   3.0433500e-01
   5.1900000e+02   1.5780250e+00   3.0551200e-01
   5.2000000e+02   1.5780350e+00   3.0668600e-01
   5.2100000e+02   1.5780150e+00   3.0786000e-01
   5.2200000e+02   1.5779690e+00   3.0903300e-01
   5.2300000e+02   1.5778950e+00   3.1020500e-01
   5.2400000e+02   1.5777960e+00   3.1137800e-01
   5.2500000e+02   1.5776720e+00   3.1255200e-01
   5.2600000e+02   1.5775250e+00   3.1372700e-01
   5.2700000e+02   1.5773560e+00   3.1490300e-01
   5.2800000e+02   1.5771620e+00   3.1608000e-01
   5.2900000e+02   1.5769450e+00   3.1725900e-01
   5.3000000e+02   1.5767040e+00   3.1843700e-01
   5.3100000e+02   1.5764380e+00   3.1961500e-01
   5.3200000e+02   1.5761480e+00   3.2079300e-01
   5.3300000e+02   1.5758340e+00   3.2197000e-01
   5.3400000e+02   1.5754940e+00   3.2314600e-01
   5.3500000e+02   1.5751280e+00   3.2432000e-01
   5.3600000e+02   1.5747390e+00   3.2549300e-01
   5.3700000e+02   1.5743270e+00   3.2666500e-01
   5.3800000e+02   1.5738910e+00   3.2783600e-01
   5.3900000e+02   1.5734320e+00   3.2900600e-01
   5.4000000e+02   1.5729500e+00   3.3017500e-01
   5.4100000e+02   1.5724470e+00   3.3134300e-01
   5.4200000e+02   1.5719210e+00   3.3251000e-01
   5.4300000e+02   1.5713750e+00   3.3367600e-01
   5.4400000e+02   1.5708080e+00   3.3483900e-01
   5.4500000e+02   1.5702220e+00   3.3600100e-01
   5.4600000e+02   1.5696150e+00   3.3716100e-01
   5.4700000e+02   1.5689900e+00   3.3831800e-01
   5.4800000e+02   1.5683480e+00   3.3947200e-01
   5.4900000e+02   1.5676890e+00   3.4062300e-01
   5.5000000e+02   1.5670140e+00   3.4177100e-01
   5.5100000e+02   1.5663230e+00   3.4291500e-01
   5.5200000e+02   1.5656180e+00   3.4405500e-01
   5.5300000e+02   1.5648970e+00   3.4519000e-01
   5.5400000e+02   1.5641620e+00   3.4632100e-01
   5.5500000e+02   1.5634110e+00   3.4744700e-01
   5.5600000e+02   1.5626470e+00   3.4856800e-01
   5.5700000e+02   1.5618690e+00   3.4968300e-01
   5.5800000e+02   1.5610780e+00   3.5079100e-01
   5.5900000e+02   1.5602750e+00   3.5189400e-01
   5.6000000e+02   1.5594610e+00   3.5299000e-01
   5.6100000e+02   1.5586370e+00   3.5408000e-01
   5.6200000e+02   1.5578040e+00   3.5516400e-01
   5.6300000e+02   1.5569630e+00   3.5624100e-01
   5.6400000e+02   1.5561150e+00   3.5731300e-01
   5.6500000e+02   1.5552610e+00   3.5837700e-01
   5.6600000e+02   1.5544020e+00   3.5943600e-01
   5.6700000e+02   1.5535380e+00   3.6048900e-01
   5.6800000e+02   1.5526720e+00   3.6153500e-01
   5.6900000e+02   1.5518030e+00   3.6257500e-01
   5.7000000e+02   1.5509330e+00   3.6360900e-01
   5.7100000e+02   1.5500620e+00   3.6463700e-01
   5.7200000e+02   1.5491920e+00   3.6565800e-01
   5.7300000e+02   1.5483230e+00   3.6667300e-01
   5.7400000e+02   1.5474560e+00   3.6768300e-01
   5.7500000e+02   1.5465910e+00   3.6868600e-01
   5.7600000e+02   1.5457270e+00   3.6968400e-01
   5.7700000e+02   1.5448650e+00   3.7067700e-01
   5.7800000e+02   1.5440040e+00   3.7166600e-01
   5.7900000e+02   1.5431430e+00   3.7265000e-01
   5.8000000e+02   1.5422820e+00   3.7362900e-01
   5.8100000e+02   1.5414210e+00   3.7460600e-01
   5.8200000e+02   1.5405580e+00   3.7557800e-01
   5.8300000e+02   1.5396940e+00   3.7654800e-01
   5.8400000e+02   1.5388270e+00   3.7751500e-01
   5.8500000e+02   1.5379590e+00   3.7848000e-01
   5.8600000e+02   1.5370870e+00   3.7944300e-01
   5.8700000e+02   1.5362120e+00   3.8040400e-01
   5.8800000e+02   1.5353340e+00   3.8136400e-01
   5.8900000e+02   1.5344500e+00   3.8232300e-01
   5.9000000e+02   1.5335610e+00   3.8328100e-01
   5.9100000e+02   1.5326660e+00   3.8423900e-01
   5.9200000e+02   1.5317660e+00   3.8519700e-01
   5.9300000e+02   1.5308600e+00   3.8615600e-01
   5.9400000e+02   1.5299460e+00   3.8711500e-01
   5.9500000e+02   1.5290270e+00   3.8807400e-01
   5.9600000e+02   1.5281010e+00   3.8903500e-01
   5.9700000e+02   1.5271690e+00   3.8999600e-01
   5.9800000e+02   1.5262280e+00   3.9095900e-01
   5.9900000e+02   1.5252810e+00   3.9192300e-01
   6.0000000e+02   1.5243260e+00   3.9288900e-01
   6.0100000e+02   1.5233620e+00   3.9385700e-01
   6.0200000e+02   1.5223890e+00   3.9482700e-01
   6.0300000e+02   1.5214050e+00   3.9580000e-01
   6.0400000e+02   1.5204120e+00   3.9677500e-01
   6.0500000e+02   1.5194080e+00   3.9775400e-01
   6.0600000e+02   1.5183920e+00   3.9873500e-01
   6.0700000e+02   1.5173660e+00   3.9972000e-01
   6.0800000e+02   1.5163270e+00   4.0070700e-01
   6.0900000e+02   1.5152760e+00   4.0169700e-01
   6.1000000e+02   1.5142130e+00   4.0268900e-01
   6.1100000e+02   1.5131370e+00   4.0368200e-01
   6.1200000e+02   1.5120480e+00   4.0467800e-01
   6.1300000e+02   1.5109450e+00   4.0567500e-01
   6.1400000e+02   1.5098280e+00   4.0667300e-01
   6.1500000e+02   1.5086970e+00   4.0767200e-01
   6.1600000e+02   1.5075530e+00   4.0867100e-01
   6.1700000e+02   1.5063940e+00   4.0967100e-01
   6.1800000e+02   1.5052200e+00   4.1067000e-01
   6.1900000e+02   1.5040320e+00   4.1166800e-01
   6.2000000e+02   1.5028300e+00   4.1266500e-01
   6.2100000e+02   1.5016130e+00   4.1366000e-01
   6.2200000e+02   1.5003810e+00   4.1465300e-01
   6.2300000e+02   1.4991340e+00   4.1564400e-01
   6.2400000e+02   1.4978720e+00   4.1663200e-01
   6.2500000e+02   1.4965930e+00   4.1761800e-01
   6.2600000e+02   1.4952960e+00   4.1860100e-01
   6.2700000e+02   1.4939830e+00   4.1958100e-01
   6.2800000e+02   1.4926510e+00   4.2055900e-01
   6.2900000e+02   1.4913010e+00   4.2153300e-01
   6.3000000e+02   1.4899320e+00   4.2250500e-01
   6.3100000e+02   1.4885440e+00   4.2347300e-01
   6.3200000e+02   1.4871360e+00   4.2443700e-01
   6.3300000e+02   1.4857080e+00   4.2539800e-01
   6.3400000e+02   1.4842600e+00   4.2635400e-01
   6.3500000e+02   1.4827910e+00   4.2730500e-01
   6.3600000e+02   1.4813010e+00   4.2825200e-01
   6.3700000e+02   1.4797900e+00   4.2919300e-01
   6.3800000e+02   1.4782570e+00   4.3012900e-01
   6.3900000e+02   1.4767030e+00   4.3105800e-01
   6.4000000e+02   1.4751270e+00   4.3198100e-01
   6.4100000e+02   1.4735310e+00   4.3289700e-01
   6.4200000e+02   1.4719150e+00   4.3380500e-01
   6.4300000e+02   1.4702790e+00   4.3470500e-01
   6.4400000e+02   1.4686240e+00   4.3559500e-01
   6.4500000e+02   1.4669500e+00   4.3647700e-01
   6.4600000e+02   1.4652580e+00   4.3734700e-01
   6.4700000e+02   1.4635480e+00   4.3820800e-01
   6.4800000e+02   1.4618210e+00   4.3905700e-01
   6.4900000e+02   1.4600770e+00   4.3989400e-01
   6.5000000e+02   1.4583170e+00   4.4072000e-01
   6.5100000e+02   1.4565400e+00   4.4153400e-01
   6.5200000e+02   1.4547480e+00   4.4233600e-01
   6.5300000e+02   1.4529410e+00   4.4312400e-01
   6.5400000e+02   1.4511200e+00   4.4389800e-01
   6.5500000e+02   1.4492850e+00   4.4465900e-01
   6.5600000e+02   1.4474360e+00   4.4540500e-01
   6.5700000e+02   1.4455750e+00   4.4613400e-01
   6.5800000e+02   1.4437010e+00   4.4684800e-01
   6.5900000e+02   1.4418150e+00   4.4754400e-01
   6.6000000e+02   1.4399170e+00   4.4822200e-01
   6.6100000e+02   1.4380080e+00   4.4888200e-01
   6.6200000e+02   1.4360870e+00   4.4952400e-01
   6.6300000e+02   1.4341560e+00   4.5014500e-01
   6.6400000e+02   1.4322150e+00   4.5074700e-01
   6.6500000e+02   1.4302650e+00   4.5132800e-01
   6.6600000e+02   1.4283070e+00   4.5188700e-01
   6.6700000e+02   1.4263410e+00   4.5242400e-01
   6.6800000e+02   1.4243680e+00   4.5293900e-01
   6.6900000e+02   1.4223880e+00   4.5343100e-01
   6.7000000e+02   1.4204010e+00   4.5389900e-01
   6.7100000e+02   1.4184090e+00   4.5434400e-01
   6.7200000e+02   1.4164100e+00   4.5476600e-01
   6.7300000e+02   1.4144060e+00   4.5516400e-01
   6.7400000e+02   1.4123970e+00   4.5554000e-01
   6.7500000e+02   1.4103820e+00   4.5589400e-01
   6.7600000e+02   1.4083630e+00   4.5622600e-01
   6.7700000e+02   1.4063380e+00   4.5653500e-01
   6.7800000e+02   1.4043090e+00   4.5682400e-01
   6.7900000e+02   1.4022760e+00   4.5709200e-01
   6.8000000e+02   1.4002380e+00   4.5733900e-01
   6.8100000e+02   1.3981960e+00   4.5756600e-01
   6.8200000e+02   1.3961490e+00   4.5777200e-01
   6.8300000e+02   1.3940990e+00   4.5795800e-01
   6.8400000e+02   1.3920440e+00   4.5812500e-01
   6.8500000e+02   1.3899860e+00   4.5827300e-01
   6.8600000e+02   1.3879230e+00   4.5840200e-01
   6.8700000e+02   1.3858570e+00   4.5851200e-01
   6.8800000e+02   1.3837880e+00   4.5860500e-01
   6.8900000e+02   1.3817160e+00   4.5868000e-01
   6.9000000e+02   1.3796420e+00   4.5873700e-01
   6.9100000e+02   1.3775660e+00   4.5877700e-01
   6.9200000e+02   1.3754880e+00   4.5880000e-01
   6.9300000e+02   1.3734100e+00   4.5880600e-01
   6.9400000e+02   1.3713300e+00   4.5879500e-01
   6.9500000e+02   1.3692510e+00   4.5876800e-01
   6.9600000e+02   1.3671710e+00   4.5872500e-01
   6.9700000e+02   1.3650920e+00   4.5866700e-01
   6.9800000e+02   1.3630130e+00   4.5859400e-01
   6.9900000e+02   1.3609340e+00   4.5850700e-01
   7.0000000e+02   1.3588570e+00   4.5840500e-01
   7.0100000e+02   1.3567810e+00   4.5828900e-01
   7.0200000e+02   1.3547070e+00   4.5816000e-01
   7.0300000e+02   1.3526330e+00   4.5801700e-01
   7.0400000e+02   1.3505620e+00   4.5786100e-01
   7.0500000e+02   1.3484920e+00   4.5769100e-01
   7.0600000e+02   1.3464230e+00   4.5750700e-01
   7.0700000e+02   1.3443560e+00   4.5730900e-01
   7.0800000e+02   1.3422900e+00   4.5709700e-01
   7.0900000e+02   1.3402250e+00   4.5687000e-01
   7.1000000e+02   1.3381620e+00   4.5662900e-01
   7.1100000e+02   1.3360990e+00   4.5637400e-01
   7.1200000e+02   1.3340380e+00   4.5610400e-01
   7.1300000e+02   1.3319780e+00   4.5581900e-01
   7.1400000e+02   1.3299190e+00   4.5551900e-01
   7.1500000e+02   1.3278620e+00   4.5520300e-01
   7.1600000e+02   1.3258060e+00   4.5487200e-01
   7.1700000e+02   1.3237510e+00   4.5452500e-01
   7.1800000e+02   1.3216980e+00   4.5416100e-01
   7.1900000e+02   1.3196460e+00   4.5378200e-01
   7.2000000e+02   1.3175950e+00   4.5338700e-01
   7.2100000e+02   1.3155440e+00   4.5297500e-01
   7.2200000e+02   1.3134950e+00   4.5254800e-01
   7.2300000e+02   1.3114460e+00   4.5210600e-01
   7.2400000e+02   1.3093970e+00   4.5164800e-01
   7.2500000e+02   1.3073490e+00   4.5117400e-01
   7.2600000e+02   1.3053020e+00   4.5068500e-01
   7.2700000e+02   1.3032550e+00   4.5018100e-01
   7.2800000e+02   1.3012080e+00   4.4966100e-01
   7.2900000e+02   1.2991610e+00   4.4912600e-01
   7.3000000e+02   1.2971130e+00   4.4857600e-01
   7.3100000e+02   1.2950650e+00   4.4801000e-01
   7.3200000e+02   1.2930170e+00   4.4742900e-01
   7.3300000e+02   1.2909680e+00   4.4683100e-01
   7.3400000e+02   1.2889190e+00   4.4621900e-01
   7.3500000e+02   1.2868690e+00   4.4559100e-01
   7.3600000e+02   1.2848190e+00   4.4494700e-01
   7.3700000e+02   1.2827700e+00   4.4428800e-01
   7.3800000e+02   1.2807210e+00   4.4361200e-01
   7.3900000e+02   1.2786730e+00   4.4292100e-01
   7.4000000e+02   1.2766260e+00   4.4221400e-01
   7.4100000e+02   1.2745810e+00   4.4149000e-01
   7.4200000e+02   1.2725380e+00   4.4075000e-01
   7.4300000e+02   1.2704980e+00   4.3999400e-01
   7.4400000e+02   1.2684610e+00   4.3922100e-01
   7.4500000e+02   1.2664260e+00   4.3843200e-01
   7.4600000e+02   1.2643950e+00   4.3762600e-01
   7.4700000e+02   1.2623670e+00   4.3680400e-01
   7.4800000e+02   1.2603440e+00   4.3596600e-01
   7.4900000e+02   1.2583250e+00   4.3511200e-01
   7.5000000e+02   1.2563110e+00   4.3424100e-01
   7.5100000e+02   1.2543030e+00   4.3335400e-01
   7.5200000e+02   1.2523000e+00   4.3245000e-01
   7.5300000e+02   1.2503020e+00   4.3152900e-01
   7.5400000e+02   1.2483110e+00   4.3059100e-01
   7.5500000e+02   1.2463260e+00   4.2963600e-01
   7.5600000e+02   1.2443470e+00   4.2866300e-01
   7.5700000e+02   1.2423740e+00   4.2767300e-01
   7.5800000e+02   1.2404090e+00   4.2666500e-01
   7.5900000e+02   1.2384500e+00   4.2563900e-01
   7.6000000e+02   1.2364990e+00   4.2459500e-01
   7.6100000e+02   1.2345560e+00   4.2353300e-01
   7.6200000e+02   1.2326210e+00   4.2245200e-01
   7.6300000e+02   1.2306940e+00   4.2135300e-01
   7.6400000e+02   1.2287760e+00   4.2023600e-01
   7.6500000e+02   1.2268670e+00   4.1909900e-01
   7.6600000e+02   1.2249670e+00   4.1794400e-01
   7.6700000e+02   1.2230770e+00   4.1677000e-01
   7.6800000e+02   1.2211960e+00   4.1557800e-01
   7.6900000e+02   1.2193250e+00   4.1436700e-01
   7.7000000e+02   1.2174630e+00   4.1313900e-01
   7.7100000e+02   1.2156120e+00   4.1189300e-01
   7.7200000e+02   1.2137710e+00   4.1062900e-01
   7.7300000e+02   1.2119400e+00   4.0934800e-01
   7.7400000e+02   1.2101190e+00   4.0805000e-01
   7.7500000e+02   1.2083090e+00   4.0673600e-01
   7.7600000e+02   1.2065090e+00   4.0540500e-01
   7.7700000e+02   1.2047200e+00   4.0405900e-01
   7.7800000e+02   1.2029410e+00   4.0269600e-01
   7.7900000e+02   1.2011730e+00   4.0131700e-01
   7.8000000e+02   1.1994150e+00   3.9992200e-01
   7.8100000e+02   1.1976680e+00   3.9851300e-01
   7.8200000e+02   1.1959320e+00   3.9708800e-01
   7.8300000e+02   1.1942070e+00   3.9564900e-01
   7.8400000e+02   1.1924930e+00   3.9419600e-01
   7.8500000e+02   1.1907910e+00   3.9272700e-01
   7.8600000e+02   1.1891000e+00   3.9124500e-01
   7.8700000e+02   1.1874210e+00   3.8974900e-01
   7.8800000e+02   1.1857550e+00   3.8823900e-01
   7.8900000e+02   1.1841010e+00   3.8671500e-01
   7.9000000e+02   1.1824600e+00   3.8517700e-01
   7.9100000e+02   1.1808310e+00   3.8362600e-01
   7.9200000e+02   1.1792160e+00   3.8206200e-01
   7.9300000e+02   1.1776140e+00   3.8048600e-01
   7.9400000e+02   1.1760260e+00   3.7889700e-01
   7.9500000e+02   1.1744510e+00   3.7729500e-01
   7.9600000e+02   1.1728900e+00   3.7568200e-01
   7.9700000e+02   1.1713430e+00   3.7405700e-01
   7.9800000e+02   1.1698100e+00   3.7242000e-01
   7.9900000e+02   1.1682920e+00   3.7077200e-01
   8.0000000e+02   1.1667880e+00   3.6911200e-01
   8.0100000e+02   1.1652980e+00   3.6744100e-01
   8.0200000e+02   1.1638220e+00   3.6575800e-01
   8.0300000e+02   1.1623610e+00   3.6406400e-01
   8.0400000e+02   1.1609140e+00   3.6235800e-01
   8.0500000e+02   1.1594810e+00   3.6064200e-01
   8.0600000e+02   1.1580630e+00   3.5891300e-01
   8.0700000e+02   1.1566590e+00   3.5717400e-01
   8.0800000e+02   1.1552690e+00   3.5542300e-01
   8.0900000e+02   1.1538940e+00   3.5366100e-01
   8.1000000e+02   1.1525330e+00   3.5188800e-01
   8.1100000e+02   1.1511870e+00   3.5010300e-01
   8.1200000e+02   1.1498560e+00   3.4830600e-01
   8.1300000e+02   1.1485400e+00   3.4649900e-01
   8.1400000e+02   1.1472380e+00   3.4467900e-01
   8.1500000e+02   1.1459520e+00   3.4284800e-01
   8.1600000e+02   1.1446800e+00   3.4100600e-01
   8.1700000e+02   1.1434240e+00   3.3915300e-01
   8.1800000e+02   1.1421820e+00   3.3728900e-01
   8.1900000e+02   1.1409550e+00   3.3541500e-01
   8.2000000e+02   1.1397430e+00   3.3353100e-01
   8.2100000e+02   1.1385460e+00   3.3163600e-01
   8.2200000e+02   1.1373640e+00   3.2973200e-01
   8.2300000e+02   1.1361980e+00   3.2781800e-01
   8.2400000e+02   1.1350460e+00   3.2589500e-01
   8.2500000e+02   1.1339100e+00   3.2396300e-01
   8.2600000e+02   1.1327880e+00   3.2202100e-01
   8.2700000e+02   1.1316820e+00   3.2007000e-01
   8.2800000e+02   1.1305910e+00   3.1811000e-01
   8.2900000e+02   1.1295160e+00   3.1614200e-01
   8.3000000e+02   1.1284560e+00   3.1416500e-01
   8.3100000e+02   1.1274110e+00   3.1217900e-01
   8.3200000e+02   1.1263820e+00   3.1018500e-01
   8.3300000e+02   1.1253700e+00   3.0818200e-01
   8.3400000e+02   1.1243730e+00   3.0617100e-01
   8.3500000e+02   1.1233940e+00   3.0415200e-01
   8.3600000e+02   1.1224320e+00   3.0212400e-01
   8.3700000e+02   1.1214870e+00   3.0008700e-01
   8.3800000e+02   1.1205600e+00   2.9804200e-01
   8.3900000e+02   1.1196510e+00   2.9598800e-01
   8.4000000e+02   1.1187600e+00   2.9392500e-01
   8.4100000e+02   1.1178880e+00   2.9185500e-01
   8.4200000e+02   1.1170350e+00   2.8977600e-01
   8.4300000e+02   1.1162020e+00   2.8768900e-01
   8.4400000e+02   1.1153880e+00   2.8559500e-01
   8.4500000e+02   1.1145950e+00   2.8349200e-01
   8.4600000e+02   1.1138220e+00   2.8138200e-01
   8.4700000e+02   1.1130690e+00   2.7926500e-01
   8.4800000e+02   1.1123380e+00   2.7713900e-01
   8.4900000e+02   1.1116280e+00   2.7500600e-01
   8.5000000e+02   1.1109390e+00   2.7286500e-01
   8.5100000e+02   1.1102710e+00   2.7071700e-01
   8.5200000e+02   1.1096250e+00   2.6856100e-01
   8.5300000e+02   1.1090000e+00   2.6639700e-01
   8.5400000e+02   1.1083980e+00   2.6422600e-01
   8.5500000e+02   1.1078180e+00   2.6204800e-01
   8.5600000e+02   1.1072590e+00   2.5986200e-01
   8.5700000e+02   1.1067240e+00   2.5766900e-01
   8.5800000e+02   1.1062110e+00   2.5546900e-01
   8.5900000e+02   1.1057210e+00   2.5326200e-01
   8.6000000e+02   1.1052550e+00   2.5104700e-01
   8.6100000e+02   1.1048120e+00   2.4882600e-01
   8.6200000e+02   1.1043920e+00   2.4659900e-01
   8.6300000e+02   1.1039970e+00   2.4436500e-01
   8.6400000e+02   1.1036250e+00   2.4212600e-01
   8.6500000e+02   1.1032770e+00   2.3988100e-01
   8.6600000e+02   1.1029530e+00   2.3763200e-01
   8.6700000e+02   1.1026540e+00   2.3538000e-01
   8.6800000e+02   1.1023800e+00   2.3312400e-01
   8.6900000e+02   1.1021310e+00   2.3086500e-01
   8.7000000e+02   1.1019070e+00   2.2860400e-01
   8.7100000e+02   1.1017070e+00   2.2634200e-01
   8.7200000e+02   1.1015330e+00   2.2407900e-01
   8.7300000e+02   1.1013840e+00   2.2181600e-01
   8.7400000e+02   1.1012610e+00   2.1955400e-01
   8.7500000e+02   1.1011620e+00   2.1729200e-01
   8.7600000e+02   1.1010900e+00   2.1503200e-01
   8.7700000e+02   1.1010420e+00   2.1277500e-01
   8.7800000e+02   1.1010200e+00   2.1052100e-01
   8.7900000e+02   1.1010230e+00   2.0827000e-01
   8.8000000e+02   1.1010520e+00   2.0602300e-01
   8.8100000e+02   1.1011070e+00   2.0378200e-01
   8.8200000e+02   1.1011870e+00   2.0154600e-01
   8.8300000e+02   1.1012940e+00   1.9931600e-01
   8.8400000e+02   1.1014260e+00   1.9709200e-01
   8.8500000e+02   1.1015840e+00   1.9487500e-01
   8.8600000e+02   1.1017680e+00   1.9266600e-01
   8.8700000e+02   1.1019780e+00   1.9046500e-01
   8.8800000e+02   1.1022150e+00   1.8827300e-01
   8.8900000e+02   1.1024770e+00   1.8609000e-01
   8.9000000e+02   1.1027650e+00   1.8391700e-01
   8.9100000e+02   1.1030790e+00   1.8175500e-01
   8.9200000e+02   1.1034180e+00   1.7960400e-01
   8.9300000e+02   1.1037840e+00   1.7746500e-01
   8.9400000e+02   1.1041750e+00   1.7533800e-01
   8.9500000e+02   1.1045920e+00   1.7322400e-01
   8.9600000e+02   1.1050340e+00   1.7112300e-01
   8.9700000e+02   1.1055010e+00   1.6903600e-01
   8.9800000e+02   1.1059920e+00   1.6696300e-01
   8.9900000e+02   1.1065070e+00   1.6490400e-01
   9.0000000e+02   1.1072923e+00   1.6274972e-01
   9.0100000e+02   1.1080960e+00   1.6061285e-01
   9.0200000e+02   1.1089211e+00   1.5849545e-01
   9.0300000e+02   1.1097646e+00   1.5639557e-01
   9.0400000e+02   1.1106259e+00   1.5431372e-01
   9.0500000e+02   1.1115053e+00   1.5225036e-01
   9.0600000e+02   1.1123993e+00   1.5020406e-01
   9.0700000e+02   1.1133074e+00   1.4817527e-01
   9.0800000e+02   1.1142298e+00   1.4616438e-01
   9.0900000e+02   1.1151732e+00   1.4417664e-01
   9.1000000e+02   1.1161331e+00   1.4220974e-01
   9.1100000e+02   1.1171071e+00   1.4026115e-01
   9.1200000e+02   1.1180929e+00   1.3833035e-01
   9.1300000e+02   1.1190899e+00   1.3641766e-01
   9.1400000e+02   1.1200968e+00   1.3452252e-01
   9.1500000e+02   1.1211139e+00   1.3264436e-01
   9.1600000e+02   1.1221389e+00   1.3078263e-01
   9.1700000e+02   1.1232022e+00   1.2895850e-01
   9.1800000e+02   1.1242763e+00   1.2715368e-01
   9.1900000e+02   1.1253605e+00   1.2536596e-01
   9.2000000e+02   1.1264534e+00   1.2359637e-01
   9.2100000e+02   1.1275546e+00   1.2184428e-01
   9.2200000e+02   1.1286621e+00   1.2010830e-01
   9.2300000e+02   1.1297763e+00   1.1838859e-01
   9.2400000e+02   1.1309024e+00   1.1669340e-01
   9.2500000e+02   1.1320532e+00   1.1504270e-01
   9.2600000e+02   1.1332093e+00   1.1340852e-01
   9.2700000e+02   1.1343719e+00   1.1179170e-01
   9.2800000e+02   1.1355385e+00   1.1019160e-01
   9.2900000e+02   1.1367094e+00   1.0860686e-01
   9.3000000e+02   1.1378829e+00   1.0703754e-01
   9.3100000e+02   1.1390595e+00   1.0548300e-01
   9.3200000e+02   1.1402601e+00   1.0397074e-01
   9.3300000e+02   1.1414824e+00   1.0249968e-01
   9.3400000e+02   1.1427088e+00   1.0104474e-01
   9.3500000e+02   1.1439377e+00   9.9605247e-02
   9.3600000e+02   1.1451689e+00   9.8179924e-02
   9.3700000e+02   1.1464023e+00   9.6768768e-02
   9.3800000e+02   1.1476363e+00   9.5370512e-02
   9.3900000e+02   1.1488714e+00   9.3985137e-02
   9.4000000e+02   1.1501229e+00   9.2670866e-02
   9.4100000e+02   1.1513789e+00   9.1383745e-02
   9.4200000e+02   1.1526354e+00   9.0110495e-02
   9.4300000e+02   1.1538917e+00   8.8850491e-02
   9.4400000e+02   1.1551481e+00   8.7603665e-02
   9.4500000e+02   1.1564041e+00   8.6368817e-02
   9.4600000e+02   1.1576586e+00   8.5145860e-02
   9.4700000e+02   1.1589149e+00   8.3942136e-02
   9.4800000e+02   1.1601908e+00   8.2827609e-02
   9.4900000e+02   1.1614655e+00   8.1726115e-02
   9.5000000e+02   1.1627395e+00   8.0637030e-02
   9.5100000e+02   1.1640117e+00   7.9560215e-02
   9.5200000e+02   1.1652827e+00   7.8494068e-02
   9.5300000e+02   1.1665515e+00   7.7438458e-02
   9.5400000e+02   1.1678183e+00   7.6392307e-02
   9.5500000e+02   1.1690789e+00   7.5392780e-02
   9.5600000e+02   1.1703300e+00   7.4461837e-02
   9.5700000e+02   1.1715789e+00   7.3542378e-02
   9.5800000e+02   1.1728252e+00   7.2632950e-02
   9.5900000e+02   1.1740685e+00   7.1733393e-02
   9.6000000e+02   1.1753087e+00   7.0842718e-02
   9.6100000e+02   1.1765465e+00   6.9960359e-02
   9.6200000e+02   1.1777814e+00   6.9085377e-02
   9.6300000e+02   1.1790051e+00   6.8283879e-02
   9.6400000e+02   1.1802223e+00   6.7522737e-02
   9.6500000e+02   1.1814365e+00   6.6770056e-02
   9.6600000e+02   1.1826483e+00   6.6025332e-02
   9.6700000e+02   1.1838571e+00   6.5288060e-02
   9.6800000e+02   1.1850635e+00   6.4557735e-02
   9.6900000e+02   1.1862676e+00   6.3833239e-02
   9.7000000e+02   1.1874692e+00   6.3114421e-02
   9.7100000e+02   1.1886200e+00   6.2488415e-02
   9.7200000e+02   1.1897654e+00   6.1872386e-02
   9.7300000e+02   1.1909078e+00   6.1263176e-02
   9.7400000e+02   1.1920470e+00   6.0659538e-02
   9.7500000e+02   1.1931831e+00   6.0061581e-02
   9.7600000e+02   1.1943164e+00   5.9468383e-02
   9.7700000e+02   1.1954473e+00   5.8879559e-02
   9.7800000e+02   1.1965653e+00   5.8314149e-02
   9.7900000e+02   1.1976502e+00   5.7812423e-02
   9.8000000e+02   1.1987314e+00   5.7315549e-02
   9.8100000e+02   1.1998099e+00   5.6823386e-02
   9.8200000e+02   1.2008855e+00   5.6335044e-02
   9.8300000e+02   1.2019584e+00   5.5850592e-02
   9.8400000e+02   1.2030287e+00   5.5369387e-02
   9.8500000e+02   1.2040968e+00   5.4891309e-02
   9.8600000e+02   1.2051262e+00   5.4451262e-02
   9.8700000e+02   1.2061210e+00   5.4045863e-02
   9.8800000e+02   1.2071124e+00   5.3643813e-02
   9.8900000e+02   1.2081007e+00   5.3245261e-02
   9.9000000e+02   1.2090861e+00   5.2849642e-02
   9.9100000e+02   1.2100687e+00   5.2456869e-02
   9.9200000e+02   1.2110489e+00   5.2066652e-02
   9.9300000e+02   1.2120267e+00   5.1678954e-02
   9.9400000e+02   1.2129610e+00   5.1339832e-02
   9.9500000e+02   1.2138836e+00   5.1013868e-02
   9.9600000e+02   1.2148033e+00   5.0690878e-02
   9.9700000e+02   1.2157203e+00   5.0370712e-02
   9.9800000e+02   1.2166349e+00   5.0053145e-02
   9.9900000e+02   1.2175473e+00   4.9738016e-02
   1.0000000e+03   1.2184577e+00   4.9425088e-02
   1.0008918e+03   1.2191543e+00   4.9180000e-02
   1.0086064e+03   1.2246600e+00   4.7414286e-02
   1.0163201e+03   1.2297971e+00   4.5925714e-02
   1.0240341e+03   1.2344943e+00   4.4658571e-02
   1.0317479e+03   1.2388857e+00   4.3542857e-02
   1.0394621e+03   1.2428986e+00   4.2538571e-02
   1.0471763e+03   1.2466857e+00   4.1587143e-02
   1.0548901e+03   1.2502043e+00   4.0665714e-02
   1.0626044e+03   1.2536014e+00   3.9762857e-02
   1.0703177e+03   1.2568243e+00   3.8880000e-02
   1.0780323e+03   1.2600200e+00   3.8042857e-02
   1.0857457e+03   1.2631014e+00   3.7284286e-02
   1.0934602e+03   1.2661600e+00   3.6622857e-02
   1.1011736e+03   1.2690900e+00   3.6084286e-02
   1.1088884e+03   1.2719514e+00   3.5677143e-02
   1.1166023e+03   1.2746457e+00   3.5367143e-02
   1.1243156e+03   1.2772314e+00   3.5148571e-02
   1.1320298e+03   1.2796514e+00   3.4982857e-02
   1.1397440e+03   1.2819857e+00   3.4871429e-02
   1.1474575e+03   1.2841600e+00   3.4784286e-02
   1.1551719e+03   1.2862914e+00   3.4721429e-02
   1.1628854e+03   1.2882929e+00   3.4695714e-02
   1.1705997e+03   1.2902586e+00   3.4705714e-02
   1.1783143e+03   1.2921043e+00   3.4770000e-02
   1.1860272e+03   1.2938657e+00   3.4860000e-02
   1.1937419e+03   1.2955314e+00   3.4985714e-02
   1.2014552e+03   1.2970957e+00   3.5111429e-02
   1.2091694e+03   1.2985829e+00   3.5234286e-02
   1.2168840e+03   1.3000014e+00   3.5357143e-02
   1.2245973e+03   1.3013414e+00   3.5461429e-02
   1.2323117e+03   1.3026600e+00   3.5564286e-02
   1.2400255e+03   1.3039071e+00   3.5660000e-02
   1.2477400e+03   1.3051400e+00   3.5760000e-02
   1.2554534e+03   1.3063071e+00   3.5854286e-02
   1.2631669e+03   1.3074757e+00   3.5954286e-02
   1.2708822e+03   1.3086057e+00   3.6070000e-02
   1.2785958e+03   1.3097186e+00   3.6205714e-02
   1.2863093e+03   1.3107729e+00   3.6370000e-02
   1.2940243e+03   1.3118100e+00   3.6557143e-02
   1.3017376e+03   1.3127543e+00   3.6774286e-02
   1.3094524e+03   1.3136614e+00   3.6992857e-02
   1.3171656e+03   1.3144586e+00   3.7204286e-02
   1.3248788e+03   1.3151943e+00   3.7365714e-02
   1.3325942e+03   1.3158929e+00   3.7444286e-02
   1.3403083e+03   1.3166200e+00   3.7427143e-02
   1.3480214e+03   1.3174043e+00   3.7351429e-02
   1.3557355e+03   1.3183214e+00   3.7281429e-02
   1.3634492e+03   1.3193257e+00   3.7305714e-02
   1.3711628e+03   1.3203600e+00   3.7467143e-02
   1.3788767e+03   1.3213400e+00   3.7765714e-02
   1.3865914e+03   1.3222229e+00   3.8152857e-02
   1.3943054e+03   1.3229629e+00   3.8565714e-02
   1.4020192e+03   1.3236200e+00   3.8940000e-02
   1.4097334e+03   1.3242300e+00   3.9261429e-02
   1.4174465e+03   1.3248143e+00   3.9541429e-02
   1.4251612e+03   1.3254257e+00   3.9792857e-02
   1.4328762e+03   1.3260600e+00   4.0047143e-02
   1.4405901e+03   1.3266829e+00   4.0314286e-02
   1.4483035e+03   1.3273171e+00   4.0597143e-02
   1.4560174e+03   1.3279529e+00   4.0892857e-02
   1.4637324e+03   1.3286200e+00   4.1211429e-02
   1.4714451e+03   1.3292643e+00   4.1561429e-02
   1.4791587e+03   1.3299257e+00   4.1957143e-02
   1.4868739e+03   1.3305671e+00   4.2390000e-02
   1.4945874e+03   1.3311571e+00   4.2821429e-02
   1.5023023e+03   1.3317629e+00   4.3231429e-02
   1.5100152e+03   1.3323871e+00   4.3582857e-02
   1.5177294e+03   1.3331557e+00   4.3918571e-02
   1.5254436e+03   1.3340929e+00   4.4297143e-02
   1.5331568e+03   1.3351914e+00   4.4808571e-02
   1.5408724e+03   1.3365114e+00   4.5535714e-02
   1.5485845e+03   1.3379214e+00   4.6591429e-02
   1.5562991e+03   1.3393514e+00   4.8058571e-02
   1.5640127e+03   1.3406186e+00   4.9801429e-02
   1.5717265e+03   1.3419071e+00   5.1692857e-02
   1.5794420e+03   1.3435457e+00   5.3968571e-02
   1.5871555e+03   1.3453871e+00   5.7322857e-02
   1.5948683e+03   1.3465900e+00   6.2114286e-02
   1.6025821e+03   1.3463129e+00   6.7902857e-02
   1.6102982e+03   1.3443686e+00   7.3878571e-02
   1.6180104e+03   1.3408457e+00   7.9541429e-02
   1.6257255e+03   1.3360057e+00   8.4685714e-02
   1.6334398e+03   1.3297643e+00   8.8992857e-02
   1.6411522e+03   1.3222300e+00   9.2002857e-02
   1.6488672e+03   1.3139414e+00   9.3298571e-02
   1.6565809e+03   1.3053186e+00   9.2731429e-02
   1.6642950e+03   1.2969243e+00   9.0322857e-02
   1.6720087e+03   1.2891414e+00   8.6237143e-02
   1.6797237e+03   1.2823786e+00   8.0691429e-02
   1.6874362e+03   1.2767929e+00   7.3970000e-02
   1.6951508e+03   1.2727071e+00   6.6311429e-02
   1.7028639e+03   1.2703143e+00   5.8017143e-02
   1.7105801e+03   1.2700014e+00   4.9698571e-02
   1.7182928e+03   1.2714786e+00   4.2212857e-02
   1.7260068e+03   1.2740814e+00   3.6102857e-02
   1.7337212e+03   1.2769871e+00   3.1247143e-02
   1.7414352e+03   1.2798900e+00   2.7175714e-02
   1.7491477e+03   1.2828614e+00   2.3648571e-02
   1.7568641e+03   1.2859700e+00   2.0685714e-02
   1.7645772e+03   1.2890529e+00   1.8290000e-02
   1.7722923e+03   1.2920543e+00   1.6394286e-02
   1.7800056e+03   1.2948729e+00   1.4904286e-02
   1.7877191e+03   1.2974943e+00   1.3725714e-02
   1.7954321e+03   1.2999200e+00   1.2772857e-02
   1.8031469e+03   1.3021886e+00   1.1987143e-02
   1.8108594e+03   1.3042814e+00   1.1341429e-02
   1.8185753e+03   1.3062600e+00   1.0798571e-02
   1.8262872e+03   1.3080971e+00   1.0348571e-02
   1.8340043e+03   1.3098457e+00   9.9685714e-03
   1.8417156e+03   1.3114643e+00   9.6400000e-03
   1.8494305e+03   1.3130143e+00   9.3414286e-03
   1.8571447e+03   1.3144943e+00   9.0871429e-03
   1.8648575e+03   1.3159000e+00   8.8414286e-03
   1.8725715e+03   1.3172629e+00   8.6242857e-03
   1.8802859e+03   1.3185886e+00   8.4271429e-03
   1.8880001e+03   1.3198800e+00   8.2500000e-03
   1.8957130e+03   1.3211443e+00   8.1028571e-03
   1.9034277e+03   1.3223914e+00   7.9857143e-03
   1.9111433e+03   1.3236043e+00   7.8957143e-03
   1.9188554e+03   1.3247900e+00   7.8342857e-03
   1.9265707e+03   1.3259571e+00   7.8000000e-03
   1.9342846e+03   1.3271000e+00   7.7900000e-03
   1.9420002e+03   1.3282286e+00   7.8200000e-03
   1.9497130e+03   1.3293314e+00   7.8742857e-03
   1.9574260e+03   1.3304086e+00   7.9614286e-03
   1.9651423e+03   1.3314757e+00   8.0800000e-03
   1.9728535e+03   1.3325071e+00   8.2257143e-03
   1.9805667e+03   1.3335229e+00   8.4028571e-03
   1.9882811e+03   1.3345186e+00   8.6085714e-03
   1.9959960e+03   1.3354929e+00   8.8528571e-03
   2.0037109e+03   1.3364314e+00   9.1200000e-03
   2.0114249e+03   1.3373614e+00   9.4257143e-03
   2.0191374e+03   1.3382557e+00   9.7714286e-03
   2.0268517e+03   1.3391243e+00   1.0155714e-02
   2.0345673e+03   1.3399657e+00   1.0580000e-02
   2.0422793e+03   1.3407514e+00   1.1054286e-02
   2.0499953e+03   1.3414914e+00   1.1565714e-02
   2.0577063e+03   1.3421543e+00   1.2098571e-02
   2.0654244e+03   1.3427900e+00   1.2667143e-02
   2.0731361e+03   1.3433229e+00   1.3254286e-02
   2.0808493e+03   1.3438186e+00   1.3850000e-02
   2.0885634e+03   1.3442386e+00   1.4472857e-02
   2.0962778e+03   1.3445857e+00   1.5094286e-02
   2.1039919e+03   1.3448500e+00   1.5725714e-02
   2.1117050e+03   1.3450243e+00   1.6352857e-02
   2.1194209e+03   1.3451086e+00   1.6957143e-02
   2.1271346e+03   1.3450871e+00   1.7518571e-02
   2.1348499e+03   1.3449786e+00   1.8027143e-02
   2.1425618e+03   1.3447757e+00   1.8455714e-02
   2.1502740e+03   1.3444857e+00   1.8785714e-02
   2.1579908e+03   1.3441800e+00   1.8987143e-02
   2.1657022e+03   1.3438257e+00   1.9071429e-02
   2.1734169e+03   1.3434843e+00   1.9030000e-02
   2.1811345e+03   1.3432086e+00   1.8887143e-02
   2.1888448e+03   1.3429214e+00   1.8647143e-02
   2.1965615e+03   1.3427500e+00   1.8330000e-02
   2.2042745e+03   1.3426029e+00   1.7954286e-02
   2.2119881e+03   1.3425414e+00   1.7531429e-02
   2.2197016e+03   1.3425357e+00   1.7071429e-02
   2.2274146e+03   1.3425857e+00   1.6582857e-02
   2.2351314e+03   1.3427200e+00   1.6070000e-02
   2.2428464e+03   1.3429071e+00   1.5560000e-02
   2.2505593e+03   1.3431443e+00   1.5042857e-02
   2.2582743e+03   1.3434457e+00   1.4538571e-02
   2.2659860e+03   1.3437829e+00   1.4044286e-02
   2.2736988e+03   1.3441614e+00   1.3565714e-02
   2.2814122e+03   1.3445657e+00   1.3101429e-02
   2.2891257e+03   1.3449971e+00   1.2655714e-02
   2.2968441e+03   1.3454557e+00   1.2201429e-02
   2.3045563e+03   1.3459314e+00   1.1750000e-02
   2.3122724e+03   1.3464586e+00   1.1301429e-02
   2.3199864e+03   1.3470257e+00   1.0857143e-02
   2.3276980e+03   1.3476414e+00   1.0438571e-02
   2.3354118e+03   1.3482914e+00   1.0065714e-02
   2.3431276e+03   1.3489714e+00   9.7285714e-03
   2.3508392e+03   1.3496514e+00   9.4528571e-03
   2.3585518e+03   1.3503014e+00   9.2057143e-03
   2.3662702e+03   1.3509529e+00   8.9785714e-03
   2.3739830e+03   1.3515729e+00   8.7442857e-03
   2.3816952e+03   1.3522000e+00   8.5057143e-03
   2.3894120e+03   1.3528314e+00   8.2514286e-03
   2.3971215e+03   1.3534829e+00   8.0014286e-03
   2.4048405e+03   1.3541657e+00   7.7600000e-03
   2.4125511e+03   1.3548429e+00   7.5300000e-03
   2.4202644e+03   1.3555286e+00   7.3171429e-03
   2.4279800e+03   1.3562229e+00   7.1028571e-03
   2.4356917e+03   1.3569171e+00   6.8971429e-03
   2.4434106e+03   1.3576186e+00   6.6985714e-03
   2.4511246e+03   1.3583157e+00   6.4885714e-03
   2.4588330e+03   1.3590200e+00   6.2700000e-03
   2.4665475e+03   1.3597471e+00   6.0500000e-03
   2.4742615e+03   1.3604829e+00   5.8214286e-03
   2.4819747e+03   1.3612486e+00   5.5828571e-03
   2.4896927e+03   1.3620429e+00   5.3542857e-03
   2.4974027e+03   1.3628457e+00   5.1242857e-03
   2.5051167e+03   1.3636800e+00   4.9114286e-03
   2.5128343e+03   1.3645257e+00   4.6914286e-03
   2.5205488e+03   1.3653986e+00   4.4871429e-03
   2.5282596e+03   1.3662786e+00   4.2757143e-03
   2.5359728e+03   1.3672014e+00   4.0742857e-03
   2.5436878e+03   1.3681214e+00   3.8900000e-03
   2.5514044e+03   1.3690800e+00   3.7000000e-03
   2.5591156e+03   1.3700486e+00   3.5285714e-03
   2.5668339e+03   1.3710471e+00   3.3500000e-03
   2.5745460e+03   1.3720657e+00   3.1900000e-03
   2.5822578e+03   1.3731129e+00   3.0242857e-03
   2.5899758e+03   1.3741986e+00   2.8771429e-03
   2.5976860e+03   1.3753029e+00   2.7500000e-03
   2.6054015e+03   1.3764371e+00   2.6342857e-03
   2.6131152e+03   1.3775900e+00   2.5471429e-03
   2.6208267e+03   1.3787614e+00   2.4685714e-03
   2.6285423e+03   1.3799529e+00   2.4100000e-03
   2.6362548e+03   1.3811557e+00   2.3528571e-03
   2.6439708e+03   1.3823957e+00   2.3128571e-03
   2.6516829e+03   1.3836471e+00   2.2842857e-03
   2.6593976e+03   1.3849371e+00   2.2642857e-03
   2.6671147e+03   1.3862486e+00   2.2657143e-03
   2.6748267e+03   1.3875857e+00   2.2757143e-03
   2.6825401e+03   1.3889557e+00   2.3057143e-03
   2.6902548e+03   1.3903429e+00   2.3542857e-03
   2.6979703e+03   1.3917529e+00   2.4128571e-03
   2.7056863e+03   1.3931986e+00   2.4728571e-03
   2.7133949e+03   1.3946600e+00   2.5500000e-03
   2.7211107e+03   1.3961686e+00   2.6314286e-03
   2.7288257e+03   1.3977143e+00   2.7300000e-03
   2.7365397e+03   1.3992914e+00   2.8300000e-03
   2.7442522e+03   1.4009257e+00   2.9485714e-03
   2.7519704e+03   1.4026014e+00   3.0842857e-03
   2.7596789e+03   1.4043100e+00   3.2314286e-03
   2.7673924e+03   1.4060857e+00   3.3971429e-03
   2.7751106e+03   1.4079157e+00   3.5757143e-03
   2.7828255e+03   1.4098129e+00   3.7757143e-03
   2.7905367e+03   1.4117614e+00   4.0085714e-03
   2.7982517e+03   1.4137843e+00   4.2628571e-03
   2.8059621e+03   1.4158857e+00   4.5571429e-03
   2.8136756e+03   1.4180629e+00   4.9000000e-03
   2.8213918e+03   1.4203086e+00   5.3000000e-03
   2.8291104e+03   1.4226229e+00   5.7571429e-03
   2.8368231e+03   1.4249914e+00   6.2542857e-03
   2.8445375e+03   1.4274486e+00   6.8128571e-03
   2.8522451e+03   1.4299543e+00   7.4228571e-03
   2.8599620e+03   1.4325671e+00   8.0942857e-03
   2.8676795e+03   1.4352500e+00   8.8357143e-03
   2.8753893e+03   1.4380143e+00   9.6357143e-03
   2.8831073e+03   1.4409000e+00   1.0522857e-02
   2.8908167e+03   1.4438443e+00   1.1490000e-02
   2.8985339e+03   1.4469271e+00   1.2555714e-02
   2.9062502e+03   1.4501157e+00   1.3738571e-02
   2.9139652e+03   1.4533986e+00   1.5051429e-02
   2.9216786e+03   1.4567571e+00   1.6495714e-02
   2.9293900e+03   1.4602129e+00   1.8070000e-02
   2.9370991e+03   1.4637443e+00   1.9781429e-02
   2.9448142e+03   1.4673943e+00   2.1622857e-02
   2.9525350e+03   1.4712000e+00   2.3621429e-02
   2.9602439e+03   1.4750643e+00   2.5788571e-02
   2.9679579e+03   1.4790757e+00   2.8161429e-02
   2.9756768e+03   1.4832686e+00   3.0745714e-02
   2.9833826e+03   1.4874471e+00   3.3571429e-02
   2.9911015e+03   1.4918714e+00   3.6642857e-02
   2.9988155e+03   1.4963414e+00   3.9975714e-02
   3.0065332e+03   1.5010171e+00   4.3621429e-02
   3.0142453e+03   1.5057314e+00   4.7622857e-02
   3.0219606e+03   1.5106186e+00   5.2020000e-02
   3.0296696e+03   1.5154686e+00   5.6840000e-02
   3.0373810e+03   1.5203786e+00   6.2084286e-02
   3.0450948e+03   1.5253500e+00   6.7750000e-02
   3.0528106e+03   1.5303814e+00   7.3902857e-02
   3.0605281e+03   1.5355800e+00   8.0627143e-02
   3.0682376e+03   1.5405700e+00   8.8078571e-02
   3.0759577e+03   1.5457700e+00   9.6365714e-02
   3.0836692e+03   1.5504143e+00   1.0553286e-01
   3.0913812e+03   1.5546757e+00   1.1558571e-01
   3.0990935e+03   1.5582157e+00   1.2650143e-01
   3.1068154e+03   1.5613071e+00   1.3822714e-01
   3.1145274e+03   1.5629843e+00   1.5063143e-01
   3.1222388e+03   1.5635957e+00   1.6347286e-01
   3.1299492e+03   1.5627800e+00   1.7646429e-01
   3.1376683e+03   1.5613486e+00   1.8932143e-01
   3.1453761e+03   1.5582743e+00   2.0185429e-01
   3.1530921e+03   1.5550300e+00   2.1403000e-01
   3.1608060e+03   1.5510586e+00   2.2594143e-01
   3.1685176e+03   1.5463729e+00   2.3770429e-01
   3.1762367e+03   1.5415671e+00   2.4939286e-01
   3.1839529e+03   1.5359229e+00   2.6099000e-01
   3.1916659e+03   1.5295914e+00   2.7247571e-01
   3.1993755e+03   1.5222500e+00   2.8382143e-01
   3.2070915e+03   1.5147571e+00   2.9500000e-01
   3.2148035e+03   1.5058657e+00   3.0593143e-01
   3.2225216e+03   1.4967414e+00   3.1644714e-01
   3.2302350e+03   1.4864714e+00   3.2638429e-01
   3.2379435e+03   1.4752900e+00   3.3567143e-01
   3.2456573e+03   1.4639057e+00   3.4431714e-01
   3.2533762e+03   1.4524943e+00   3.5238429e-01
   3.2610893e+03   1.4399471e+00   3.5991571e-01
   3.2688071e+03   1.4276329e+00   3.6689429e-01
   3.2765185e+03   1.4140286e+00   3.7328143e-01
   3.2842340e+03   1.4007314e+00   3.7897286e-01
   3.2919426e+03   1.3858729e+00   3.8391000e-01
   3.2996657e+03   1.3726186e+00   3.8808000e-01
   3.3073705e+03   1.3567529e+00   3.9147857e-01
   3.3150893e+03   1.3426343e+00   3.9413571e-01
   3.3228001e+03   1.3270314e+00   3.9607000e-01
   3.3305135e+03   1.3116514e+00   3.9723000e-01
   3.3382294e+03   1.2959971e+00   3.9754857e-01
   3.3459476e+03   1.2805571e+00   3.9692857e-01
   3.3536565e+03   1.2641243e+00   3.9532143e-01
   3.3613671e+03   1.2477286e+00   3.9271143e-01
   3.3690906e+03   1.2326271e+00   3.8905429e-01
   3.3768041e+03   1.2164600e+00   3.8432286e-01
   3.3845185e+03   1.2009043e+00   3.7846000e-01
   3.3922338e+03   1.1860643e+00   3.7147714e-01
   3.3999381e+03   1.1706586e+00   3.6346000e-01
   3.4076543e+03   1.1570671e+00   3.5449714e-01
   3.4153705e+03   1.1438586e+00   3.4467000e-01
   3.4230867e+03   1.1313771e+00   3.3404286e-01
   3.4308024e+03   1.1196871e+00   3.2267143e-01
   3.4385176e+03   1.1087857e+00   3.1060857e-01
   3.4462319e+03   1.0987700e+00   2.9788143e-01
   3.4539451e+03   1.0896829e+00   2.8454857e-01
   3.4616570e+03   1.0816600e+00   2.7067714e-01
   3.4693672e+03   1.0744843e+00   2.5636857e-01
   3.4770877e+03   1.0693529e+00   2.4176286e-01
   3.4847941e+03   1.0643557e+00   2.2701286e-01
   3.4925103e+03   1.0613586e+00   2.1226857e-01
   3.5002240e+03   1.0593000e+00   1.9767286e-01
   3.5079349e+03   1.0581814e+00   1.8335714e-01
   3.5156552e+03   1.0587414e+00   1.6945286e-01
   3.5233599e+03   1.0593314e+00   1.5606000e-01
   3.5310859e+03   1.0618986e+00   1.4327143e-01
   3.5387958e+03   1.0644614e+00   1.3115286e-01
   3.5465017e+03   1.0677371e+00   1.1973143e-01
   3.5542160e+03   1.0717043e+00   1.0904429e-01
   3.5619385e+03   1.0763486e+00   9.9087143e-02
   3.5696438e+03   1.0807629e+00   8.9854286e-02
   3.5773696e+03   1.0860543e+00   8.1331429e-02
   3.5850775e+03   1.0910029e+00   7.3470000e-02
   3.5927929e+03   1.0963414e+00   6.6264286e-02
   3.6005026e+03   1.1015114e+00   5.9647143e-02
   3.6082195e+03   1.1068386e+00   5.3571429e-02
   3.6159303e+03   1.1119500e+00   4.7978571e-02
   3.6236479e+03   1.1170800e+00   4.2778571e-02
   3.6313590e+03   1.1220114e+00   3.7892857e-02
   3.6390764e+03   1.1269914e+00   3.3275714e-02
   3.6467868e+03   1.1318914e+00   2.8878571e-02
   3.6545033e+03   1.1369271e+00   2.4722857e-02
   3.6622122e+03   1.1420143e+00   2.0850000e-02
   3.6699268e+03   1.1472514e+00   1.7347143e-02
   3.6776469e+03   1.1525657e+00   1.4248571e-02
   3.6853588e+03   1.1578471e+00   1.1615714e-02
   3.6930759e+03   1.1630743e+00   9.4357143e-03
   3.7007842e+03   1.1681229e+00   7.7000000e-03
   3.7084973e+03   1.1729529e+00   6.3514286e-03
   3.7162150e+03   1.1775357e+00   5.3400000e-03
   3.7239232e+03   1.1818000e+00   4.5785714e-03
   3.7316496e+03   1.1858257e+00   4.0071429e-03
   3.7393522e+03   1.1895429e+00   3.5857143e-03
   3.7470726e+03   1.1930657e+00   3.2757143e-03
   3.7547827e+03   1.1963286e+00   3.0742857e-03
   3.7624962e+03   1.1993829e+00   2.9442857e-03
   3.7702130e+03   1.2022286e+00   2.8785714e-03
   3.7779331e+03   1.2048571e+00   2.8314286e-03
   3.7856418e+03   1.2072943e+00   2.7828571e-03
   3.7933533e+03   1.2095729e+00   2.7071429e-03
   3.8010673e+03   1.2117200e+00   2.5928571e-03
   3.8087838e+03   1.2137657e+00   2.4157143e-03
   3.8165026e+03   1.2157643e+00   2.2000000e-03
   3.8242088e+03   1.2177100e+00   1.9657143e-03
   3.8319315e+03   1.2196471e+00   1.7228571e-03
   3.8396412e+03   1.2215571e+00   1.5214286e-03
   3.8473524e+03   1.2234186e+00   1.3457143e-03
   3.8550650e+03   1.2252386e+00   1.2242857e-03
   3.8627787e+03   1.2269914e+00   1.1300000e-03
   3.8704933e+03   1.2286971e+00   1.0642857e-03
   3.8782087e+03   1.2303257e+00   1.0285714e-03
   3.8859248e+03   1.2319071e+00   1.0042857e-03
   3.8936413e+03   1.2334271e+00   1.0100000e-03
   3.9013581e+03   1.2348886e+00   1.0271429e-03
   3.9090596e+03   1.2362986e+00   1.0728571e-03
   3.9167763e+03   1.2376314e+00   1.1214286e-03
   3.9244928e+03   1.2389214e+00   1.1785714e-03
   3.9322087e+03   1.2401443e+00   1.2357143e-03
   3.9399240e+03   1.2413271e+00   1.2857143e-03
   3.9476385e+03   1.2424586e+00   1.3357143e-03
   3.9553520e+03   1.2435500e+00   1.3771429e-03
   3.9630642e+03   1.2445986e+00   1.4171429e-03
   3.9707751e+03   1.2456171e+00   1.4457143e-03
   3.9784844e+03   1.2465971e+00   1.4742857e-03
   3.9862077e+03   1.2475486e+00   1.4928571e-03
   3.9939133e+03   1.2484600e+00   1.5014286e-03
   4.0016327e+03   1.2493614e+00   1.5014286e-03
   4.0093498e+03   1.2502329e+00   1.4928571e-03
   4.0170645e+03   1.2510929e+00   1.4828571e-03
   4.0247765e+03   1.2519229e+00   1.4657143e-03
   4.0324857e+03   1.2527329e+00   1.4457143e-03
   4.0402081e+03   1.2535414e+00   1.4271429e-03
   4.0479111e+03   1.2543186e+00   1.4071429e-03
   4.0556270e+03   1.2550700e+00   1.3871429e-03
   4.0633393e+03   1.2558186e+00   1.3571429e-03
   4.0710645e+03   1.2565500e+00   1.3285714e-03
   4.0787692e+03   1.2572571e+00   1.2900000e-03
   4.0864864e+03   1.2579586e+00   1.2514286e-03
   4.0941993e+03   1.2586471e+00   1.2042857e-03
   4.1019078e+03   1.2593343e+00   1.1657143e-03
   4.1096285e+03   1.2600100e+00   1.1271429e-03
   4.1173443e+03   1.2606857e+00   1.0957143e-03
   4.1250552e+03   1.2613329e+00   1.0657143e-03
   4.1327779e+03   1.2619786e+00   1.0371429e-03
   4.1404781e+03   1.2625943e+00   1.0145714e-03
   4.1482071e+03   1.2632186e+00   9.9128571e-04
   4.1559132e+03   1.2638157e+00   9.6928571e-04
   4.1636307e+03   1.2644129e+00   9.4628571e-04
   4.1713421e+03   1.2649914e+00   9.2542857e-04
   4.1790471e+03   1.2655643e+00   9.0671429e-04
   4.1867631e+03   1.2661186e+00   8.9071429e-04
   4.1944901e+03   1.2666743e+00   8.7657143e-04
   4.2021927e+03   1.2672100e+00   8.6471429e-04
   4.2099059e+03   1.2677371e+00   8.5528571e-04
   4.2176297e+03   1.2682600e+00   8.4685714e-04
   4.2253462e+03   1.2687543e+00   8.3842857e-04
   4.2330551e+03   1.2692457e+00   8.2742857e-04
   4.2407742e+03   1.2697257e+00   8.1371429e-04
   4.2484854e+03   1.2701957e+00   7.9542857e-04
   4.2561885e+03   1.2706571e+00   7.7428571e-04
   4.2639014e+03   1.2711200e+00   7.5085714e-04
   4.2716240e+03   1.2715671e+00   7.2828571e-04
   4.2793381e+03   1.2720129e+00   6.9728571e-04
   4.2870433e+03   1.2724557e+00   6.6771429e-04
   4.2947578e+03   1.2728957e+00   6.3785714e-04
   4.3024817e+03   1.2733343e+00   6.0857143e-04
   4.3101962e+03   1.2737629e+00   5.7928571e-04
   4.3179011e+03   1.2741900e+00   5.5200000e-04
   4.3256150e+03   1.2746157e+00   5.2671429e-04
   4.3333377e+03   1.2750429e+00   5.0542857e-04
   4.3410503e+03   1.2754586e+00   4.8871429e-04
   4.3487715e+03   1.2758671e+00   4.7671429e-04
   4.3564822e+03   1.2762743e+00   4.7028571e-04
   4.3641823e+03   1.2766729e+00   4.6957143e-04
   4.3719096e+03   1.2770600e+00   4.7242857e-04
   4.3796260e+03   1.2774386e+00   4.7600000e-04
   4.3873311e+03   1.2777957e+00   4.7657143e-04
   4.3950441e+03   1.2781529e+00   4.7371429e-04
   4.4027649e+03   1.2784986e+00   4.6514286e-04
   4.4104740e+03   1.2788457e+00   4.5285714e-04
   4.4181906e+03   1.2791829e+00   4.3657143e-04
   4.4258950e+03   1.2795214e+00   4.1742857e-04
   4.4336264e+03   1.2798671e+00   3.9685714e-04
   4.4413256e+03   1.2802043e+00   3.7671429e-04
   4.4490517e+03   1.2805414e+00   3.5842857e-04
   4.4567649e+03   1.2808843e+00   3.4385714e-04
   4.4644651e+03   1.2812186e+00   3.3385714e-04
   4.4721919e+03   1.2815529e+00   3.2757143e-04
   4.4799054e+03   1.2818771e+00   3.2442857e-04
   4.4876052e+03   1.2822000e+00   3.2285714e-04
   4.4953316e+03   1.2825086e+00   3.1971429e-04
   4.5030441e+03   1.2828329e+00   3.1457143e-04
