% Water from Wagner et 252 K
4503.04406	1.28723	3.96E-4
4495.3316	1.28694	4.32E-4
4487.60523	1.28664	4.66E-4
4479.90538	1.28636	4.95E-4
4472.19191	1.28607	5.17E-4
4464.46509	1.28577	5.31E-4
4456.76492	1.28547	5.41E-4
4449.05168	1.28517	5.47E-4
4441.32565	1.28485	5.55E-4
4433.6264	1.28453	5.64E-4
4425.89503	1.28421	5.76E-4
4418.19057	1.28388	5.9E-4
4410.47399	1.28356	6.02E-4
4402.76494	1.28323	6.1E-4
4395.04415	1.28291	6.1E-4
4387.33114	1.28257	6E-4
4379.62598	1.28223	5.84E-4
4371.90961	1.28186	5.65E-4
4364.18228	1.28149	5.51E-4
4356.48223	1.2811	5.44E-4
4348.77147	1.28071	5.47E-4
4341.05027	1.28031	5.47E-4
4333.33767	1.27992	5.5E-4
4325.61499	1.27951	5.55E-4
4317.90115	1.27911	5.58E-4
4310.1962	1.2787	5.57E-4
4302.48167	1.27828	5.52E-4
4294.75782	1.27785	5.41E-4
4287.04327	1.27741	5.28E-4
4279.33807	1.27695	5.19E-4
4271.62403	1.27647	5.2E-4
4263.90138	1.27598	5.34E-4
4256.1885	1.2755	5.6E-4
4248.48541	1.27503	5.88E-4
4240.7742	1.27456	6.08E-4
4233.05508	1.27408	6.14E-4
4225.34616	1.27358	6.07E-4
4217.62969	1.27306	5.94E-4
4209.90591	1.27252	5.87E-4
4202.1927	1.27195	5.93E-4
4194.49012	1.27138	6.16E-4
4186.76313	1.27079	6.55E-4
4179.04709	1.27021	7.07E-4
4171.34205	1.26962	7.66E-4
4163.63069	1.26905	8.28E-4
4155.91324	1.26847	8.87E-4
4148.20714	1.26789	9.39E-4
4140.47814	1.2673	9.82E-4
4132.77789	1.26671	0.00102
4125.05517	1.26609	0.00104
4117.34431	1.26546	0.00107
4109.62845	1.26481	0.00111
4101.9078	1.26416	0.00114
4094.19934	1.26349	0.00117
4086.4864	1.26281	0.0012
4078.76919	1.2621	0.00123
4071.0645	1.26141	0.00126
4063.33933	1.26067	0.00128
4055.62698	1.25993	0.00131
4047.91108	1.25917	0.00133
4040.20815	1.25841	0.00135
4032.4857	1.25761	0.00136
4024.77652	1.2568	0.00138
4017.06449	1.25597	0.00138
4009.3498	1.25511	0.00139
4001.63267	1.25423	0.00139
3993.91328	1.25332	0.00139
3986.20772	1.2524	0.00139
3978.48436	1.25144	0.00138
3970.7751	1.25046	0.00136
3963.06424	1.24945	0.00134
3955.35199	1.24841	0.0013
3947.63852	1.24731	0.00125
3939.92404	1.24617	0.0012
3932.20872	1.24497	0.00115
3924.49276	1.24373	0.00111
3916.77634	1.24244	0.00107
3909.05964	1.24109	0.00103
3901.35806	1.23968	0.00101
3893.64129	1.23821	0.00101
3885.92479	1.23669	0.00103
3878.20873	1.2351	0.00108
3870.49329	1.23348	0.00115
3862.77865	1.2318	0.00125
3855.06498	1.23009	0.00137
3847.35244	1.22833	0.0015
3839.64122	1.22652	0.00165
3831.93149	1.22467	0.0018
3824.20877	1.22275	0.00194
3816.50256	1.22077	0.00208
3808.78382	1.21872	0.00221
3801.06734	1.21658	0.00231
3793.35329	1.21433	0.00239
3785.64182	1.21194	0.00244
3777.93309	1.2094	0.00248
3770.21305	1.20666	0.00251
3762.49619	1.20372	0.00255
3754.78265	1.20052	0.00262
3747.0726	1.19706	0.00277
3739.35219	1.19328	0.00302
3731.64961	1.18922	0.00345
3723.92323	1.1848	0.00409
3716.21496	1.18009	0.00504
3708.49728	1.17507	0.00636
3700.7842	1.16982	0.00812
3693.07585	1.16442	0.01037
3685.35881	1.15891	0.01315
3677.64689	1.15344	0.01646
3669.92678	1.14804	0.02027
3662.2122	1.14282	0.02451
3654.50326	1.13787	0.02912
3646.78682	1.13304	0.03397
3639.0764	1.12844	0.03901
3631.35896	1.12376	0.04421
3623.64793	1.11912	0.04967
3615.93034	1.11429	0.05547
3608.21952	1.10953	0.06168
3600.50263	1.10458	0.06839
3592.79286	1.09983	0.07565
3585.07747	1.09492	0.08355
3577.36956	1.09052	0.09214
3569.64375	1.08576	0.10146
3561.93855	1.0821	0.11155
3554.21601	1.07827	0.12239
3546.50173	1.07534	0.13396
3538.79582	1.07329	0.14623
3531.08591	1.07215	0.15912
3523.35988	1.0711	0.17256
3515.65521	1.07231	0.18645
3507.93495	1.07355	0.20068
3500.22401	1.07664	0.21515
3492.51031	1.08073	0.22972
3484.7941	1.08581	0.24425
3477.08773	1.09301	0.25858
3469.36722	1.10031	0.27256
3461.65696	1.10974	0.28602
3453.9451	1.12	0.29882
3446.23189	1.13135	0.31085
3438.51759	1.14362	0.322
3430.80243	1.15675	0.33216
3423.08667	1.17054	0.34126
3415.37053	1.18489	0.34929
3407.65427	1.19965	0.35628
3399.93812	1.21451	0.36232
3392.23382	1.23103	0.36732
3384.51854	1.24689	0.37108
3376.80406	1.26326	0.37336
3369.09062	1.27977	0.3742
3361.36714	1.29476	0.37382
3353.65649	1.31053	0.37241
3345.94756	1.32596	0.36998
3338.2294	1.34002	0.36646
3330.5135	1.35366	0.36195
3322.80006	1.36628	0.35677
3315.08929	1.37842	0.35127
3307.37048	1.38875	0.34563
3299.66574	1.40033	0.33984
3291.94264	1.40941	0.33381
3284.23403	1.4197	0.32751
3276.5185	1.42842	0.32103
3268.80708	1.43731	0.31448
3261.08933	1.44509	0.30799
3253.37619	1.45324	0.30159
3245.65731	1.4607	0.29522
3237.94352	1.46857	0.28876
3230.235	1.47676	0.28201
3222.52156	1.48475	0.27479
3214.80353	1.49228	0.26694
3207.09152	1.50004	0.2584
3199.37548	1.50677	0.24921
3191.66592	1.51334	0.23951
3183.95288	1.5189	0.22943
3176.23667	1.52367	0.21911
3168.51761	1.52755	0.20863
3160.80601	1.53113	0.19799
3153.09208	1.53373	0.18721
3145.37614	1.53526	0.17644
3137.66834	1.53632	0.16599
3129.94923	1.53614	0.15609
3122.23877	1.53615	0.14663
3114.5274	1.53577	0.13732
3106.81542	1.53507	0.12801
3099.09352	1.53341	0.11883
3091.38123	1.53149	0.10998
3083.6692	1.52902	0.10153
3075.9577	1.52621	0.09346
3068.2376	1.52275	0.08579
3060.52806	1.5192	0.07857
3052.81057	1.51509	0.07188
3045.09481	1.51083	0.06577
3037.38105	1.50645	0.06025
3029.66955	1.50208	0.05528
3021.96059	1.49783	0.05076
3014.24532	1.49356	0.04662
3006.5332	1.48948	0.04279
2998.81547	1.48537	0.03923
2991.10147	1.48138	0.03594
2983.38256	1.47735	0.03292
2975.67682	1.47354	0.03018
2967.95793	1.46969	0.02769
2960.24392	1.46603	0.02542
2952.53505	1.4625	0.02333
2944.81418	1.45902	0.0214
2937.09909	1.45567	0.01961
2929.38998	1.45243	0.01795
2921.67856	1.44924	0.01641
2913.96518	1.44613	0.015
2906.25018	1.44307	0.01373
2898.53392	1.44013	0.01259
2890.81674	1.43727	0.01155
2883.1073	1.43454	0.0106
2875.38926	1.43186	0.00973
2867.67953	1.42931	0.00893
2859.96196	1.42679	0.00818
2852.24514	1.42434	0.0075
2844.53749	1.42198	0.00689
2836.8231	1.41966	0.00634
2829.11041	1.41742	0.00586
2821.39179	1.41526	0.00542
2813.67559	1.41316	0.00502
2805.96211	1.41112	0.00466
2798.25165	1.40913	0.00434
2790.53673	1.40721	0.00406
2782.82551	1.40533	0.00381
2775.11059	1.40351	0.00361
2767.39237	1.40174	0.00344
2759.67888	1.40005	0.0033
2751.97041	1.39841	0.00317
2744.25216	1.39682	0.00306
2736.53965	1.39528	0.00295
2728.82568	1.39378	0.00285
2721.11065	1.39232	0.00276
2713.39495	1.39088	0.00267
2705.68627	1.38947	0.00261
2697.97032	1.38811	0.00255
2690.25482	1.38676	0.0025
2682.54015	1.38545	0.00246
2674.82667	1.38414	0.00243
2667.11474	1.38288	0.00242
2659.39765	1.38162	0.00241
2651.68289	1.38039	0.00243
2643.97082	1.37919	0.00245
2636.25483	1.37801	0.00249
2628.54229	1.37685	0.00253
2620.82666	1.37571	0.00258
2613.11523	1.37459	0.00265
2605.40152	1.37348	0.00272
2597.68598	1.37238	0.00281
2589.97576	1.37131	0.00292
2582.25782	1.37025	0.00305
2574.54598	1.36922	0.00319
2566.83394	1.36821	0.00335
2559.11557	1.36722	0.00352
2551.40442	1.36626	0.0037
2543.68784	1.36531	0.00389
2535.97277	1.36439	0.0041
2528.25962	1.36351	0.00431
2520.54877	1.36263	0.00453
2512.8343	1.3618	0.00476
2505.1167	1.36098	0.00498
2497.4027	1.36018	0.00521
2489.69267	1.35942	0.00544
2481.97466	1.35866	0.00566
2474.26149	1.35792	0.00589
2466.54745	1.35721	0.00611
2458.83299	1.3565	0.00633
2451.12458	1.35583	0.00654
2443.41061	1.35515	0.00675
2435.69165	1.3545	0.00694
2427.98004	1.35384	0.00712
2420.26439	1.35318	0.0073
2412.55106	1.35252	0.00747
2404.84046	1.35186	0.00764
2397.12154	1.35116	0.00783
2389.41204	1.3505	0.00802
2381.69524	1.3498	0.00824
2373.98305	1.34913	0.00847
2366.27024	1.34845	0.00873
2358.55175	1.34779	0.009
2350.83925	1.34714	0.00929
2343.12761	1.34652	0.0096
2335.41185	1.3459	0.00992
2327.69798	1.34531	0.01025
2319.98645	1.34472	0.0106
2312.27239	1.34417	0.01095
2304.55634	1.3436	0.01133
2296.84414	1.34309	0.01173
2289.12574	1.34258	0.01215
2281.41219	1.34214	0.01257
2273.69876	1.34171	0.013
2265.98596	1.34134	0.01341
2258.27432	1.34096	0.01381
2250.55926	1.34059	0.01422
2242.84644	1.34025	0.01466
2235.13135	1.33996	0.01511
2227.41457	1.33968	0.01558
2219.70163	1.33951	0.01606
2211.98809	1.33937	0.01652
2204.27453	1.33932	0.01696
2196.5615	1.33933	0.01737
2188.84477	1.33939	0.01773
2181.1345	1.33954	0.01803
2173.41694	1.33973	0.01825
2165.70221	1.33996	0.01836
2157.99082	1.34022	0.01837
2150.27405	1.34044	0.01828
2142.56178	1.34067	0.01807
2134.84993	1.34083	0.01777
2127.13458	1.34093	0.01739
2119.42089	1.34096	0.01694
2111.70497	1.34091	0.01643
2103.9919	1.34077	0.01588
2096.27785	1.34054	0.0153
2088.56344	1.34021	0.01473
2080.84932	1.33985	0.01415
2073.1361	1.33938	0.01358
2065.42438	1.33889	0.01301
2057.70632	1.33828	0.01245
2049.99529	1.33766	0.0119
2042.27927	1.33692	0.01138
2034.5673	1.33616	0.01088
2026.85173	1.33531	0.01043
2019.13738	1.33445	0.01002
2011.42489	1.33353	0.00964
2003.71087	1.3326	0.0093
1995.99603	1.33161	0.00899
1988.28107	1.33061	0.00872
1980.56668	1.32958	0.00848
1972.85354	1.32853	0.00826
1965.14231	1.32743	0.00808
1957.42598	1.32632	0.00791
1949.713	1.32514	0.00778
1942.00022	1.32396	0.0077
1934.28461	1.32272	0.00767
1926.57068	1.3215	0.00768
1918.85544	1.32023	0.00774
1911.1433	1.31901	0.00781
1903.42769	1.31772	0.0079
1895.71303	1.31643	0.008
1888.00006	1.31508	0.00813
1880.28595	1.31372	0.00829
1872.57151	1.3123	0.00847
1864.85751	1.31086	0.00867
1857.14471	1.30936	0.00889
1849.43047	1.30782	0.00911
1841.71559	1.30615	0.00934
1834.00427	1.30442	0.0096
1826.28721	1.3025	0.00992
1818.57529	1.3005	0.01031
1810.85936	1.29829	0.01081
1803.14685	1.296	0.01143
1795.43206	1.2935	0.01219
1787.71908	1.29086	0.0131
1780.00555	1.28793	0.01421
1772.29234	1.28476	0.01564
1764.57717	1.28127	0.01751
1756.86407	1.27763	0.02
1749.14773	1.27387	0.02322
1741.43519	1.27029	0.02721
1733.72122	1.26689	0.03201
1726.00678	1.26389	0.03768
1718.29277	1.26145	0.04433
1710.58011	1.26005	0.05197
1702.86388	1.25996	0.0604
1695.15085	1.26171	0.0692
1687.43619	1.26523	0.07787
1679.72372	1.27067	0.08592
1672.00873	1.27769	0.09288
1664.29505	1.28621	0.09832
1656.58085	1.29571	0.10186
1648.86715	1.30579	0.10319
1641.15222	1.31563	0.10222
1633.43978	1.32475	0.09909
1625.72548	1.33238	0.09426
1618.0104	1.33836	0.08825
1610.29818	1.34256	0.08161
1602.58208	1.34495	0.07482
1594.86835	1.34569	0.06838
1587.15547	1.34519	0.06268
1579.44198	1.34376	0.05792
1571.72653	1.34189	0.05405
1564.01269	1.33971	0.05095
1556.29912	1.33744	0.04853
1548.58452	1.33505	0.04678
1540.87241	1.33286	0.04563
1533.15682	1.33082	0.04498
1525.44364	1.32919	0.04464
1517.72936	1.32779	0.04451
1510.01518	1.32679	0.04444
1502.30228	1.32596	0.04432
1494.58735	1.32532	0.04409
1486.87388	1.32467	0.04377
1479.15865	1.32408	0.04338
1471.44514	1.32341	0.04295
1463.73237	1.3228	0.04248
1456.01736	1.32203	0.04199
1448.30353	1.3213	0.04148
1440.59007	1.3204	0.041
1432.8762	1.31952	0.04057
1425.16122	1.3185	0.04023
1417.4465	1.31758	0.03997
1409.73336	1.31661	0.03975
1402.01919	1.31576	0.03954
1394.30538	1.31482	0.03932
1386.59138	1.31396	0.03907
1378.87671	1.31294	0.03882
1371.1628	1.31196	0.03859
1363.4492	1.31084	0.03842
1355.73551	1.30981	0.03831
1348.02137	1.30867	0.03826
1340.3083	1.30768	0.03825
1332.59419	1.30661	0.03825
1324.87884	1.30568	0.03824
1317.16557	1.30467	0.03819
1309.45241	1.30377	0.03809
1301.73756	1.3027	0.03794
1294.02433	1.30173	0.03774
1286.3093	1.30053	0.03751
1278.59579	1.29939	0.03726
1270.88218	1.29802	0.03703
1263.16694	1.29671	0.03682
1255.45338	1.29519	0.03666
1247.74003	1.2938	0.03654
1240.02554	1.29219	0.03644
1232.31171	1.29072	0.03637
1224.59726	1.28905	0.03631
1216.88402	1.28753	0.03624
1209.16937	1.28576	0.03616
1201.4552	1.28411	0.03608
1193.74193	1.28222	0.03598
1186.02718	1.2804	0.03588
1178.3143	1.27833	0.03579
1170.59969	1.27633	0.0357
1162.88535	1.27403	0.03563
1155.17194	1.27184	0.03557
1147.45746	1.26928	0.03553
1139.74401	1.26684	0.03554
1132.02976	1.264	0.0356
1124.31557	1.26128	0.03574
1116.60231	1.25818	0.03595
1108.88841	1.25522	0.03626
1101.17363	1.25187	0.03665
1093.46023	1.2487	0.03712
1085.74568	1.24511	0.03767
1078.03229	1.24172	0.0383
1070.31773	1.23789	0.039
1062.6044	1.23429	0.03972
1054.89015	1.23013	0.04046
1047.17634	1.22614	0.04121
1039.46214	1.22141	0.04199
1031.74792	1.21672	0.0429
1024.03408	1.21118	0.04405
1016.32007	1.20578	0.04554
1008.60644	1.19964	0.04738
1000.89179	1.1938	0.04954
993.17786	1.1872	0.05196
985.4644	1.1809	0.05456
977.75031	1.17344	0.05737
970.03654	1.166	0.06057
962.3222	1.157	0.06448
954.60837	1.14815	0.06946
946.89438	1.13798	0.0758
939.18055	1.12877	0.08365
931.46643	1.11885	0.09296
923.75254	1.11089	0.1034
916.03865	1.10229	0.11451
908.32461	1.09562	0.12592
900.61043	1.08671	0.13774
892.89621	1.07914	0.1508
885.18214	1.06799	0.16627
