%  Data: Real and imaginary indices of refraction for water at 27 C
% between 10 and 5000 cm-1.

%  Reference: H. D. Downing and D. Williams, Optical constants of water
%  in the infrared, J. Geophys. Res., vol. 80, pgs. 1656-1661, 1975.

%  Format: wavenumber (cm-1), real and imaginary
%  indices of refraction of water at 27 C.

   1.0000000e+01   2.6000000e+00   1.0902000e+00
   2.0000000e+01   2.2250000e+00   7.1800000e-01
   3.0000000e+01   2.1500000e+00   5.2700000e-01
   4.0000000e+01   2.1100000e+00   4.6000000e-01
   5.0000000e+01   2.0700000e+00   4.3800000e-01
   6.0000000e+01   2.0400000e+00   4.4400000e-01
   7.0000000e+01   2.0200000e+00   4.5000000e-01
   8.0000000e+01   2.0100000e+00   4.8700000e-01
   9.0000000e+01   2.0000000e+00   5.0700000e-01
   1.0000000e+02   1.9970000e+00   5.0700000e-01
   1.1000000e+02   1.9820000e+00   5.3200000e-01
   1.2000000e+02   1.9600000e+00   5.5700000e-01
   1.3000000e+02   1.9290000e+00   5.7700000e-01
   1.4000000e+02   1.8900000e+00   5.9300000e-01
   1.5000000e+02   1.8480000e+00   6.0800000e-01
   1.6000000e+02   1.8010000e+00   6.2200000e-01
   1.7000000e+02   1.7460000e+00   6.2900000e-01
   1.8000000e+02   1.6890000e+00   6.1800000e-01
   1.9000000e+02   1.6400000e+00   5.9700000e-01
   2.0000000e+02   1.6000000e+00   5.7100000e-01
   2.1000000e+02   1.5670000e+00   5.3900000e-01
   2.2000000e+02   1.5420000e+00   5.0500000e-01
   2.3000000e+02   1.5280000e+00   4.6900000e-01
   2.4000000e+02   1.5250000e+00   4.3600000e-01
   2.5000000e+02   1.5290000e+00   4.1400000e-01
   2.6000000e+02   1.5320000e+00   3.9800000e-01
   2.7000000e+02   1.5340000e+00   3.8500000e-01
   2.8000000e+02   1.5370000e+00   3.7500000e-01
   2.9000000e+02   1.5390000e+00   3.6800000e-01
   3.0000000e+02   1.5410000e+00   3.6100000e-01
   3.1000000e+02   1.5430000e+00   3.5700000e-01
   3.2000000e+02   1.5460000e+00   3.5300000e-01
   3.3000000e+02   1.5500000e+00   3.5200000e-01
   3.4000000e+02   1.5520000e+00   3.5600000e-01
   3.5000000e+02   1.5520000e+00   3.5900000e-01
   3.6000000e+02   1.5520000e+00   3.6300000e-01
   3.7000000e+02   1.5490000e+00   3.6800000e-01
   3.8000000e+02   1.5450000e+00   3.7200000e-01
   3.9000000e+02   1.5410000e+00   3.7700000e-01
   4.0000000e+02   1.5370000e+00   3.8200000e-01
   4.1000000e+02   1.5320000e+00   3.8600000e-01
   4.2000000e+02   1.5270000e+00   3.9000000e-01
   4.3000000e+02   1.5210000e+00   3.9400000e-01
   4.4000000e+02   1.5150000e+00   3.9700000e-01
   4.5000000e+02   1.5100000e+00   4.0100000e-01
   4.6000000e+02   1.5040000e+00   4.0400000e-01
   4.7000000e+02   1.4960000e+00   4.0800000e-01
   4.8000000e+02   1.4880000e+00   4.1100000e-01
   4.9000000e+02   1.4800000e+00   4.1500000e-01
   5.0000000e+02   1.4700000e+00   4.1800000e-01
   5.1000000e+02   1.4620000e+00   4.2100000e-01
   5.2000000e+02   1.4510000e+00   4.2300000e-01
   5.3000000e+02   1.4410000e+00   4.2500000e-01
   5.4000000e+02   1.4310000e+00   4.2600000e-01
   5.5000000e+02   1.4190000e+00   4.2700000e-01
   5.6000000e+02   1.4070000e+00   4.2700000e-01
   5.7000000e+02   1.3960000e+00   4.2800000e-01
   5.8000000e+02   1.3850000e+00   4.2700000e-01
   5.9000000e+02   1.3720000e+00   4.2500000e-01
   6.0000000e+02   1.3610000e+00   4.2300000e-01
   6.1000000e+02   1.3480000e+00   4.2000000e-01
   6.2000000e+02   1.3350000e+00   4.1700000e-01
   6.3000000e+02   1.3240000e+00   4.1200000e-01
   6.4000000e+02   1.3130000e+00   4.0800000e-01
   6.5000000e+02   1.3030000e+00   4.0300000e-01
   6.6000000e+02   1.2890000e+00   3.9700000e-01
   6.7000000e+02   1.2770000e+00   3.9200000e-01
   6.8000000e+02   1.2640000e+00   3.8600000e-01
   6.9000000e+02   1.2490000e+00   3.7900000e-01
   7.0000000e+02   1.2360000e+00   3.7300000e-01
   7.1000000e+02   1.2230000e+00   3.6500000e-01
   7.2000000e+02   1.2130000e+00   3.5600000e-01
   7.3000000e+02   1.2010000e+00   3.4700000e-01
   7.4000000e+02   1.1890000e+00   3.3800000e-01
   7.5000000e+02   1.1820000e+00   3.2800000e-01
   7.6000000e+02   1.1710000e+00   3.1700000e-01
   7.7000000e+02   1.1570000e+00   3.0500000e-01
   7.8000000e+02   1.1420000e+00   2.9200000e-01
   7.9000000e+02   1.1380000e+00   2.7700000e-01
   8.0000000e+02   1.1340000e+00   2.6000000e-01
   8.1000000e+02   1.1300000e+00   2.4300000e-01
   8.2000000e+02   1.1300000e+00   2.2600000e-01
   8.3000000e+02   1.1320000e+00   2.0800000e-01
   8.4000000e+02   1.1310000e+00   1.9200000e-01
   8.5000000e+02   1.1320000e+00   1.7600000e-01
   8.6000000e+02   1.1320000e+00   1.5900000e-01
   8.7000000e+02   1.1350000e+00   1.4400000e-01
   8.8000000e+02   1.1390000e+00   1.3000000e-01
   8.9000000e+02   1.1430000e+00   1.1800000e-01
   9.0000000e+02   1.1490000e+00   1.0700000e-01
   9.1000000e+02   1.1560000e+00   9.7300000e-02
   9.2000000e+02   1.1620000e+00   8.9800000e-02
   9.3000000e+02   1.1680000e+00   8.2800000e-02
   9.4000000e+02   1.1740000e+00   7.6400000e-02
   9.5000000e+02   1.1810000e+00   7.0700000e-02
   9.6000000e+02   1.1890000e+00   6.6100000e-02
   9.7000000e+02   1.1940000e+00   6.2200000e-02
   9.8000000e+02   1.2020000e+00   5.8900000e-02
   9.9000000e+02   1.2080000e+00   5.5700000e-02
   1.0000000e+03   1.2140000e+00   5.3400000e-02
   1.0100000e+03   1.2200000e+00   5.1500000e-02
   1.0200000e+03   1.2240000e+00   4.9700000e-02
   1.0300000e+03   1.2300000e+00   4.8100000e-02
   1.0400000e+03   1.2340000e+00   4.6700000e-02
   1.0500000e+03   1.2380000e+00   4.5300000e-02
   1.0600000e+03   1.2420000e+00   4.4300000e-02
   1.0700000e+03   1.2460000e+00   4.3400000e-02
   1.0800000e+03   1.2490000e+00   4.2400000e-02
   1.0900000e+03   1.2530000e+00   4.1700000e-02
   1.1000000e+03   1.2560000e+00   4.1100000e-02
   1.1100000e+03   1.2590000e+00   4.0500000e-02
   1.1200000e+03   1.2610000e+00   3.9800000e-02
   1.1300000e+03   1.2640000e+00   3.9200000e-02
   1.1400000e+03   1.2670000e+00   3.8700000e-02
   1.1500000e+03   1.2690000e+00   3.8300000e-02
   1.1600000e+03   1.2710000e+00   3.7800000e-02
   1.1700000e+03   1.2740000e+00   3.7400000e-02
   1.1800000e+03   1.2760000e+00   3.7000000e-02
   1.1900000e+03   1.2790000e+00   3.6600000e-02
   1.2000000e+03   1.2810000e+00   3.6200000e-02
   1.2100000e+03   1.2830000e+00   3.6100000e-02
   1.2200000e+03   1.2850000e+00   3.5900000e-02
   1.2300000e+03   1.2860000e+00   3.5600000e-02
   1.2400000e+03   1.2880000e+00   3.5200000e-02
   1.2500000e+03   1.2910000e+00   3.5100000e-02
   1.2600000e+03   1.2930000e+00   3.5100000e-02
   1.2700000e+03   1.2940000e+00   3.5100000e-02
   1.2800000e+03   1.2950000e+00   3.4900000e-02
   1.2900000e+03   1.2960000e+00   3.4600000e-02
   1.3000000e+03   1.2980000e+00   3.4500000e-02
   1.3100000e+03   1.3000000e+00   3.4400000e-02
   1.3200000e+03   1.3010000e+00   3.4200000e-02
   1.3300000e+03   1.3020000e+00   3.4200000e-02
   1.3400000e+03   1.3030000e+00   3.4200000e-02
   1.3500000e+03   1.3050000e+00   3.4200000e-02
   1.3600000e+03   1.3060000e+00   3.4200000e-02
   1.3700000e+03   1.3070000e+00   3.4300000e-02
   1.3800000e+03   1.3080000e+00   3.4200000e-02
   1.3900000e+03   1.3090000e+00   3.4200000e-02
   1.4000000e+03   1.3100000e+00   3.4200000e-02
   1.4100000e+03   1.3110000e+00   3.4300000e-02
   1.4200000e+03   1.3130000e+00   3.4600000e-02
   1.4300000e+03   1.3140000e+00   3.4700000e-02
   1.4400000e+03   1.3150000e+00   3.5000000e-02
   1.4500000e+03   1.3160000e+00   3.5200000e-02
   1.4600000e+03   1.3170000e+00   3.5500000e-02
   1.4700000e+03   1.3180000e+00   3.5700000e-02
   1.4800000e+03   1.3190000e+00   3.6000000e-02
   1.4900000e+03   1.3200000e+00   3.6300000e-02
   1.5000000e+03   1.3220000e+00   3.6600000e-02
   1.5100000e+03   1.3240000e+00   3.7000000e-02
   1.5200000e+03   1.3260000e+00   3.7300000e-02
   1.5300000e+03   1.3300000e+00   3.8300000e-02
   1.5400000e+03   1.3330000e+00   3.9800000e-02
   1.5500000e+03   1.3370000e+00   4.2000000e-02
   1.5600000e+03   1.3410000e+00   4.4700000e-02
   1.5700000e+03   1.3450000e+00   4.8400000e-02
   1.5800000e+03   1.3500000e+00   5.3500000e-02
   1.5900000e+03   1.3540000e+00   6.1800000e-02
   1.6000000e+03   1.3560000e+00   7.4000000e-02
   1.6100000e+03   1.3540000e+00   8.8000000e-02
   1.6200000e+03   1.3490000e+00   1.0600000e-01
   1.6300000e+03   1.3320000e+00   1.2400000e-01
   1.6400000e+03   1.3110000e+00   1.3200000e-01
   1.6500000e+03   1.2890000e+00   1.3000000e-01
   1.6600000e+03   1.2650000e+00   1.1700000e-01
   1.6700000e+03   1.2470000e+00   1.0210000e-01
   1.6800000e+03   1.2410000e+00   8.4000000e-02
   1.6900000e+03   1.2410000e+00   6.8800000e-02
   1.7000000e+03   1.2420000e+00   5.4400000e-02
   1.7100000e+03   1.2470000e+00   4.2900000e-02
   1.7200000e+03   1.2510000e+00   3.3200000e-02
   1.7300000e+03   1.2560000e+00   2.9300000e-02
   1.7400000e+03   1.2620000e+00   2.4200000e-02
   1.7500000e+03   1.2670000e+00   2.0500000e-02
   1.7600000e+03   1.2710000e+00   1.8500000e-02
   1.7700000e+03   1.2750000e+00   1.6600000e-02
   1.7800000e+03   1.2780000e+00   1.5000000e-02
   1.7900000e+03   1.2820000e+00   1.3800000e-02
   1.8000000e+03   1.2850000e+00   1.2800000e-02
   1.8100000e+03   1.2880000e+00   1.2000000e-02
   1.8200000e+03   1.2910000e+00   1.1500000e-02
   1.8300000e+03   1.2940000e+00   1.1000000e-02
   1.8400000e+03   1.2970000e+00   1.0700000e-02
   1.8500000e+03   1.2990000e+00   1.0400000e-02
   1.8600000e+03   1.3020000e+00   1.0200000e-02
   1.8700000e+03   1.3040000e+00   1.0000000e-02
   1.8800000e+03   1.3060000e+00   9.9500000e-03
   1.8900000e+03   1.3080000e+00   9.9000000e-03
   1.9000000e+03   1.3100000e+00   9.9300000e-03
   1.9100000e+03   1.3110000e+00   1.0000000e-02
   1.9200000e+03   1.3130000e+00   1.0100000e-02
   1.9300000e+03   1.3140000e+00   1.0300000e-02
   1.9400000e+03   1.3160000e+00   1.0500000e-02
   1.9500000e+03   1.3170000e+00   1.0800000e-02
   1.9600000e+03   1.3180000e+00   1.1000000e-02
   1.9700000e+03   1.3180000e+00   1.1500000e-02
   1.9800000e+03   1.3190000e+00   1.1800000e-02
   1.9900000e+03   1.3200000e+00   1.2200000e-02
   2.0000000e+03   1.3210000e+00   1.2600000e-02
   2.0100000e+03   1.3220000e+00   1.2900000e-02
   2.0200000e+03   1.3220000e+00   1.3300000e-02
   2.0300000e+03   1.3230000e+00   1.3700000e-02
   2.0400000e+03   1.3240000e+00   1.4000000e-02
   2.0500000e+03   1.3240000e+00   1.4300000e-02
   2.0600000e+03   1.3250000e+00   1.4600000e-02
   2.0700000e+03   1.3250000e+00   1.4800000e-02
   2.0800000e+03   1.3250000e+00   1.5100000e-02
   2.0900000e+03   1.3250000e+00   1.5300000e-02
   2.1000000e+03   1.3250000e+00   1.5500000e-02
   2.1100000e+03   1.3250000e+00   1.5700000e-02
   2.1200000e+03   1.3260000e+00   1.5700000e-02
   2.1300000e+03   1.3260000e+00   1.5700000e-02
   2.1400000e+03   1.3260000e+00   1.5600000e-02
   2.1500000e+03   1.3270000e+00   1.5400000e-02
   2.1600000e+03   1.3270000e+00   1.5200000e-02
   2.1700000e+03   1.3270000e+00   1.4900000e-02
   2.1800000e+03   1.3270000e+00   1.4500000e-02
   2.1900000e+03   1.3270000e+00   1.4000000e-02
   2.2000000e+03   1.3280000e+00   1.3600000e-02
   2.2100000e+03   1.3280000e+00   1.3100000e-02
   2.2200000e+03   1.3290000e+00   1.2600000e-02
   2.2300000e+03   1.3290000e+00   1.2200000e-02
   2.2400000e+03   1.3290000e+00   1.1700000e-02
   2.2500000e+03   1.3300000e+00   1.1200000e-02
   2.2600000e+03   1.3300000e+00   1.0800000e-02
   2.2700000e+03   1.3300000e+00   1.0400000e-02
   2.2800000e+03   1.3310000e+00   1.0000000e-02
   2.2900000e+03   1.3320000e+00   9.6600000e-03
   2.3000000e+03   1.3320000e+00   9.2700000e-03
   2.3100000e+03   1.3330000e+00   8.9600000e-03
   2.3200000e+03   1.3340000e+00   8.6400000e-03
   2.3300000e+03   1.3340000e+00   8.3300000e-03
   2.3400000e+03   1.3350000e+00   8.0600000e-03
   2.3500000e+03   1.3370000e+00   7.7900000e-03
   2.3600000e+03   1.3370000e+00   7.4900000e-03
   2.3700000e+03   1.3380000e+00   7.2200000e-03
   2.3800000e+03   1.3400000e+00   6.9600000e-03
   2.3900000e+03   1.3400000e+00   6.7300000e-03
   2.4000000e+03   1.3410000e+00   6.5300000e-03
   2.4100000e+03   1.3420000e+00   6.3100000e-03
   2.4200000e+03   1.3430000e+00   6.0800000e-03
   2.4300000e+03   1.3440000e+00   5.8600000e-03
   2.4400000e+03   1.3440000e+00   5.6800000e-03
   2.4500000e+03   1.3450000e+00   5.4900000e-03
   2.4600000e+03   1.3460000e+00   5.3100000e-03
   2.4700000e+03   1.3470000e+00   5.1200000e-03
   2.4800000e+03   1.3480000e+00   4.9400000e-03
   2.4900000e+03   1.3480000e+00   4.7900000e-03
   2.5000000e+03   1.3490000e+00   4.6500000e-03
   2.5100000e+03   1.3500000e+00   4.5000000e-03
   2.5200000e+03   1.3510000e+00   4.3300000e-03
   2.5300000e+03   1.3520000e+00   4.2200000e-03
   2.5400000e+03   1.3530000e+00   4.1000000e-03
   2.5500000e+03   1.3540000e+00   3.9900000e-03
   2.5600000e+03   1.3550000e+00   3.8900000e-03
   2.5700000e+03   1.3570000e+00   3.7800000e-03
   2.5800000e+03   1.3580000e+00   3.7000000e-03
   2.5900000e+03   1.3580000e+00   3.6300000e-03
   2.6000000e+03   1.3600000e+00   3.5200000e-03
   2.6100000e+03   1.3610000e+00   3.4800000e-03
   2.6200000e+03   1.3610000e+00   3.4000000e-03
   2.6300000e+03   1.3630000e+00   3.3900000e-03
   2.6400000e+03   1.3650000e+00   3.3500000e-03
   2.6500000e+03   1.3660000e+00   3.3600000e-03
   2.6600000e+03   1.3670000e+00   3.3500000e-03
   2.6700000e+03   1.3690000e+00   3.4000000e-03
   2.6800000e+03   1.3700000e+00   3.4700000e-03
   2.6900000e+03   1.3710000e+00   3.5500000e-03
   2.7000000e+03   1.3720000e+00   3.6300000e-03
   2.7100000e+03   1.3740000e+00   3.7600000e-03
   2.7200000e+03   1.3750000e+00   3.8900000e-03
   2.7300000e+03   1.3770000e+00   4.0500000e-03
   2.7400000e+03   1.3780000e+00   4.2400000e-03
   2.7500000e+03   1.3790000e+00   4.4900000e-03
   2.7600000e+03   1.3820000e+00   4.7300000e-03
   2.7700000e+03   1.3830000e+00   5.0600000e-03
   2.7800000e+03   1.3850000e+00   5.3800000e-03
   2.7900000e+03   1.3870000e+00   5.7900000e-03
   2.8000000e+03   1.3880000e+00   6.2500000e-03
   2.8100000e+03   1.3900000e+00   6.8300000e-03
   2.8200000e+03   1.3920000e+00   7.3700000e-03
   2.8300000e+03   1.3940000e+00   8.0700000e-03
   2.8400000e+03   1.3960000e+00   8.6600000e-03
   2.8500000e+03   1.3980000e+00   9.4100000e-03
   2.8600000e+03   1.4000000e+00   1.0100000e-02
   2.8700000e+03   1.4030000e+00   1.1000000e-02
   2.8800000e+03   1.4050000e+00   1.1800000e-02
   2.8900000e+03   1.4070000e+00   1.2800000e-02
   2.9000000e+03   1.4100000e+00   1.3800000e-02
   2.9100000e+03   1.4130000e+00   1.5100000e-02
   2.9200000e+03   1.4150000e+00   1.6300000e-02
   2.9300000e+03   1.4180000e+00   1.7700000e-02
   2.9400000e+03   1.4210000e+00   1.9300000e-02
   2.9500000e+03   1.4250000e+00   2.1000000e-02
   2.9600000e+03   1.4270000e+00   2.2900000e-02
   2.9700000e+03   1.4310000e+00   2.5000000e-02
   2.9800000e+03   1.4340000e+00   2.6200000e-02
   2.9900000e+03   1.4370000e+00   2.7900000e-02
   3.0000000e+03   1.4410000e+00   2.9700000e-02
   3.0100000e+03   1.4440000e+00   3.1500000e-02
   3.0200000e+03   1.4480000e+00   3.4800000e-02
   3.0300000e+03   1.4510000e+00   3.8500000e-02
   3.0400000e+03   1.4540000e+00   4.2200000e-02
   3.0500000e+03   1.4570000e+00   4.6200000e-02
   3.0600000e+03   1.4610000e+00   5.0400000e-02
   3.0700000e+03   1.4640000e+00   5.5000000e-02
   3.0800000e+03   1.4670000e+00   6.0000000e-02
   3.0900000e+03   1.4720000e+00   6.5300000e-02
   3.1000000e+03   1.4740000e+00   7.1600000e-02
   3.1100000e+03   1.4770000e+00   7.8500000e-02
   3.1200000e+03   1.4790000e+00   8.5500000e-02
   3.1300000e+03   1.4820000e+00   9.2000000e-02
   3.1400000e+03   1.4850000e+00   9.9400000e-02
   3.1500000e+03   1.4860000e+00   1.1000000e-01
   3.1600000e+03   1.4870000e+00   1.1700000e-01
   3.1700000e+03   1.4870000e+00   1.2500000e-01
   3.1800000e+03   1.4870000e+00   1.3400000e-01
   3.1900000e+03   1.4860000e+00   1.4400000e-01
   3.2000000e+03   1.4830000e+00   1.5300000e-01
   3.2100000e+03   1.4800000e+00   1.6300000e-01
   3.2200000e+03   1.4760000e+00   1.7300000e-01
   3.2300000e+03   1.4710000e+00   1.8300000e-01
   3.2400000e+03   1.4650000e+00   1.9500000e-01
   3.2500000e+03   1.4570000e+00   2.0400000e-01
   3.2600000e+03   1.4500000e+00   2.1200000e-01
   3.2700000e+03   1.4420000e+00   2.2000000e-01
   3.2800000e+03   1.4340000e+00   2.2800000e-01
   3.2900000e+03   1.4260000e+00   2.3600000e-01
   3.3000000e+03   1.4170000e+00   2.4300000e-01
   3.3100000e+03   1.4070000e+00   2.5000000e-01
   3.3200000e+03   1.3980000e+00   2.5500000e-01
   3.3300000e+03   1.3860000e+00   2.6200000e-01
   3.3400000e+03   1.3760000e+00   2.6700000e-01
   3.3500000e+03   1.3640000e+00   2.7200000e-01
   3.3600000e+03   1.3530000e+00   2.7600000e-01
   3.3700000e+03   1.3420000e+00   2.7900000e-01
   3.3800000e+03   1.3290000e+00   2.8200000e-01
   3.3900000e+03   1.3170000e+00   2.8200000e-01
   3.4000000e+03   1.3050000e+00   2.8100000e-01
   3.4100000e+03   1.2930000e+00   2.8000000e-01
   3.4200000e+03   1.2820000e+00   2.7600000e-01
   3.4300000e+03   1.2710000e+00   2.7100000e-01
   3.4400000e+03   1.2580000e+00   2.6500000e-01
   3.4500000e+03   1.2460000e+00   2.5800000e-01
   3.4600000e+03   1.2330000e+00   2.4900000e-01
   3.4700000e+03   1.2200000e+00   2.3900000e-01
   3.4800000e+03   1.2120000e+00   2.2900000e-01
   3.4900000e+03   1.1990000e+00   2.1800000e-01
   3.5000000e+03   1.1910000e+00   2.0600000e-01
   3.5100000e+03   1.1830000e+00   1.9400000e-01
   3.5200000e+03   1.1770000e+00   1.8000000e-01
   3.5300000e+03   1.1710000e+00   1.6700000e-01
   3.5400000e+03   1.1650000e+00   1.5400000e-01
   3.5500000e+03   1.1610000e+00   1.4200000e-01
   3.5600000e+03   1.1580000e+00   1.3100000e-01
   3.5700000e+03   1.1540000e+00   1.2100000e-01
   3.5800000e+03   1.1490000e+00   1.1200000e-01
   3.5900000e+03   1.1440000e+00   1.0200000e-01
   3.6000000e+03   1.1410000e+00   9.2700000e-02
   3.6100000e+03   1.1390000e+00   8.3600000e-02
   3.6200000e+03   1.1380000e+00   7.4400000e-02
   3.6300000e+03   1.1380000e+00   6.4900000e-02
   3.6400000e+03   1.1390000e+00   5.4800000e-02
   3.6500000e+03   1.1440000e+00   4.6200000e-02
   3.6600000e+03   1.1490000e+00   3.8000000e-02
   3.6700000e+03   1.1570000e+00   2.8200000e-02
   3.6800000e+03   1.1660000e+00   2.0500000e-02
   3.6900000e+03   1.1720000e+00   1.8600000e-02
   3.7000000e+03   1.1790000e+00   1.6400000e-02
   3.7100000e+03   1.1850000e+00   1.4500000e-02
   3.7200000e+03   1.1910000e+00   1.2700000e-02
   3.7300000e+03   1.1950000e+00   1.0500000e-02
   3.7400000e+03   1.2000000e+00   8.5500000e-03
   3.7500000e+03   1.2050000e+00   7.3200000e-03
   3.7600000e+03   1.2100000e+00   6.2700000e-03
   3.7700000e+03   1.2140000e+00   5.3600000e-03
   3.7800000e+03   1.2180000e+00   4.8200000e-03
   3.7900000e+03   1.2210000e+00   4.3700000e-03
   3.8000000e+03   1.2240000e+00   4.0200000e-03
   3.8100000e+03   1.2270000e+00   3.3000000e-03
   3.8200000e+03   1.2300000e+00   2.9800000e-03
   3.8300000e+03   1.2320000e+00   2.7000000e-03
   3.8400000e+03   1.2350000e+00   2.5700000e-03
   3.8500000e+03   1.2380000e+00   2.4800000e-03
   3.8600000e+03   1.2400000e+00   2.4300000e-03
   3.8700000e+03   1.2410000e+00   2.3900000e-03
   3.8800000e+03   1.2430000e+00   2.3400000e-03
   3.8900000e+03   1.2460000e+00   2.3100000e-03
   3.9000000e+03   1.2470000e+00   2.2700000e-03
   3.9100000e+03   1.2490000e+00   2.2400000e-03
   3.9200000e+03   1.2500000e+00   2.1900000e-03
   3.9300000e+03   1.2520000e+00   2.1500000e-03
   3.9400000e+03   1.2540000e+00   2.1200000e-03
   3.9500000e+03   1.2550000e+00   2.1000000e-03
   3.9600000e+03   1.2560000e+00   2.0700000e-03
   3.9700000e+03   1.2570000e+00   2.0500000e-03
   3.9800000e+03   1.2590000e+00   2.0000000e-03
   3.9900000e+03   1.2600000e+00   1.9500000e-03
   4.0000000e+03   1.2610000e+00   1.9000000e-03
   4.0500000e+03   1.2650000e+00   1.5600000e-03
   4.1000000e+03   1.2700000e+00   1.2300000e-03
   4.1500000e+03   1.2740000e+00   9.6800000e-04
   4.2000000e+03   1.2770000e+00   7.9200000e-04
   4.2500000e+03   1.2800000e+00   6.5200000e-04
   4.3000000e+03   1.2820000e+00   5.4200000e-04
   4.3500000e+03   1.2850000e+00   4.6500000e-04
   4.4000000e+03   1.2870000e+00   4.1600000e-04
   4.4500000e+03   1.2890000e+00   3.7600000e-04
   4.5000000e+03   1.2910000e+00   3.4500000e-04
   4.5500000e+03   1.2930000e+00   3.3800000e-04
   4.6000000e+03   1.2940000e+00   3.4100000e-04
   4.6500000e+03   1.2950000e+00   3.5900000e-04
   4.7000000e+03   1.2960000e+00   4.0000000e-04
   4.7500000e+03   1.2980000e+00   4.5200000e-04
   4.8000000e+03   1.2980000e+00   5.1400000e-04
   4.8500000e+03   1.3000000e+00   6.1700000e-04
   4.9000000e+03   1.3010000e+00   7.3100000e-04
   4.9500000e+03   1.3010000e+00   9.0000000e-04
   5.0000000e+03   1.3030000e+00   1.1000000e-03
